2.8614750565631186	0.7263940111914391	1.4041743692512982	1.9311731553435403	0.5784361706041833	-0.9154420450591316	-1.5639254225803265	-1.9499696426809419	-1.450046571773893	-0.19261692369919545
2.611790482872968	0.9485292787206289	1.2098999460287416	1.6159751480964872	0.24723253792779432	-1.1844636853606714	-2.6357173429437433	-1.4646800894989123	-1.0604218907560592	-0.1939518544719623
1.9348922438566478	0.637833908212136	0.6937744217820743	0.8875562644344298	0.33648846655770764	-0.8471015638775787	-2.1776329349445804	-0.9469566251830935	-0.7401139662766641	0.1394433887113782
2.291630310633393	1.2179988756166051	1.1571019465534715	1.3374832421083211	-0.006721552207702819	-1.1480815751664921	-2.639014287523846	-1.064076758338875	-0.6006336897641704	0.19444643326859823
2.0011433316324916	1.3451319563623554	0.9114021658289579	1.1395254816256004	0.06374132530625733	-0.9307196322439819	-2.5372513869131876	-0.5598730097023166	-0.27528153429593666	0.06555068276523451
1.8320469836702493	1.20382073296944	0.9328034757909364	0.8937269306137471	0.36358330966041436	-0.44314201276115045	-2.203338603831719	-0.24155081162468112	-0.12056789270627835	-0.29976906005048926
1.1019263110606312	1.3473605539261257	1.4420134394869168	1.4727196709861623	1.001987483655887	-0.30096874717941696	-2.4223537122674914	-0.17140468886533822	-0.16523104039059133	-0.3024036717003725
0.6068794506937427	1.3299974914046582	2.003095272805845	1.4869126206524486	0.4270868976685738	-0.5638703033556716	-2.8090015304381004	-0.9091789677819491	-0.6096814930176419	-0.6119855809213657
0.07256524075086879	1.865610343917216	2.95764794988865	2.2953288206247215	0.5146524974995647	-0.700129829342319	-2.6860191765037196	-0.6975862399726416	-0.5184363344781093	-1.252448895401837
0.7417030376875825	0.8034004459058761	1.3618914843556902	1.3103906766196443	0.10509064532319279	-0.6402337005134652	-1.0199362313273548	-0.3263674912988331	-0.32434733329904175	-0.8694045618424722
-0.25447753620344893	1.6269303450741617	2.0790629660170907	1.5742774674614604	-0.037443475900902246	-1.1011950086455768	-1.393080963743095	-0.8663267693318086	-0.5227786070567	-1.0661224641237774
0.710600753807853	2.086134434558185	1.892963569544368	1.8040897142260128	-0.03363628241047767	-1.2088922287022468	-1.487767251054796	-1.2583965968314752	-0.8067879459872025	-0.7876648270351378
0.3343320923162253	1.9640183725119529	2.124443051294097	1.5512644474153747	0.2890258189750043	-0.5959362347096063	-1.3190083866021094	-0.3610024524100257	-0.0905184286801971	-0.4789493297018028
1.0480656763008855	2.0135565548676704	2.4984132543622275	2.2595970241150476	0.34646178644944425	-0.6055622819512383	-1.4795824010905974	-1.0039623876938406	-0.5217384392328975	-0.6024979802067003
0.7813604986893773	1.8289980148195557	2.3482841788373667	2.4342552518037777	0.4352318025443141	-0.707363542405108	-1.926482179270332	-1.3806305963112537	-0.42627148211552046	-0.17664099232006214
0.4484319682771275	1.9376883466438608	3.07965140887818	2.3051993416610914	0.3590213213629901	-0.9553490530503924	-2.266218706065524	-1.6971568161464734	-0.39186640895468783	-0.48473158883781986
1.1809237884411754	1.5398224906864852	2.8293078472927062	2.529459531757806	0.47815953963853947	-1.2657731141834763	-2.380926275019436	-2.0772960163490097	-0.7387576540074575	-0.2607810519570166
0.6708698303254524	1.7125735814445047	2.740548493258341	2.373455283104401	0.4349384584504159	-1.4389963068307512	-2.249309104576756	-2.076319308629382	-0.83181766718744	-0.5248475054015385
0.9275671509145321	1.7688057504700372	3.7180201614075545	2.7626636802164657	0.5696215184363977	-1.430290548301159	-2.37572825943751	-1.8896595463404249	-1.3316798583174665	-1.2298881587346857
0.9905811474370428	1.7032745973906238	3.4429583283421588	2.7070804432355895	0.4234249558182708	-1.6384942324204876	-2.6277900326009638	-2.455665907315045	-1.2602813201778176	-0.7469666148802699
0.6554334576112033	1.5649588560643048	3.0670249258468605	2.3368111287549764	0.3745004511857705	-1.6794225673090106	-2.6016064014056286	-1.859142867073866	-1.0776669606884823	-0.6983807758733915
0.6106741198250965	1.5057102472589639	2.3159028611376664	1.9820693708845947	0.7722917363250414	-0.7491044683306609	-1.7424425996878592	-1.1583548363096625	-0.6671337869772447	-0.5005099392983274
0.2970157924079122	1.5612135662101598	2.0813139937379184	2.01480006204561	0.7446296262911771	-0.9578394816118747	-1.7834934242147593	-1.3689673675123186	-0.5368154531216771	-0.425656006346188
0.5785191475440226	1.4316773024314489	2.1348896297769904	2.0677189018997297	0.5868231930438665	-0.9595195349663894	-1.9274923642330006	-1.4860788097057143	-0.3378427401263975	-0.6991156011744175
0.6490269612575279	1.6704759742223216	2.0250665271880406	1.7070266660165723	0.4209004590597854	-0.5976823529030427	-1.9263208233219196	-1.3609067787010054	0.006247160433350607	0.004244828095043229
0.8185134264828794	1.9643414213555124	2.626932102889088	2.6236627703451236	0.8996841036026411	-0.7109938812196765	-2.190748150545793	-1.6238438134195743	-0.25589339209590867	0.1261408249847198
0.7477343156875672	1.8677999283705018	3.068520668768976	3.0289291652564527	0.6671828424695483	-0.818308364179927	-2.3456319747517287	-1.4562294431447618	0.08324787524685723	0.7503509315393685
0.5314719584950571	1.9711061454803394	3.027848526201709	3.0277600260200113	0.6359732409398243	-1.1456335857081696	-2.5518201092498405	-1.6001439330024205	0.19833758300854393	0.967207946383193
0.8044087742414057	1.9908507632274004	3.0179072708379744	2.7611957312853326	0.49483308553155975	-1.1472908699961386	-2.191210611521023	-1.5091398768668434	0.4134653579657589	0.8081685290052497
0.3007819600787861	2.0000463417886016	3.242679840354771	2.6757022530626653	0.30119953578423747	-1.0708068091224687	-1.817985866959085	-1.6279980132923961	0.5435719635532836	0.535617537064446
0.8909323810445053	1.4378898826668873	3.0553608020223253	2.6801521813464024	-0.021407852166781594	-1.6439928996598145	-2.3333506843187877	-1.6108881393312913	0.7524112019930764	0.751712408105393
0.991432392258618	1.2737469536603658	2.7308765435427693	2.3447219433502706	0.353729166040849	-0.8475075094710918	-1.2771220868099225	-1.2877735785683897	0.18620733546946766	0.43004044211910225
0.5183169295762262	1.2511960432347602	2.8703373892281645	2.271686877190717	0.31699791413888334	-1.0194290524475658	-1.8998479676862425	-1.4211183647194428	0.5071412961763094	0.7239599357225257
0.8334219923953259	1.064514516308146	2.450167505311865	2.151720055704513	0.4349234091491686	-0.8014469554865954	-1.602868966735567	-1.3781306337938828	0.4327353514957751	0.23750096104516655
0.7036925180595457	1.5394274498582778	2.7634689690768632	2.316889958604758	0.5734296537451087	-0.6784469563905675	-1.5044318834669026	-1.622489330365097	0.21049159622012692	0.3886127289256918
1.2069753384498605	2.5984377757979393	3.7510596858221383	3.08989073818503	0.465313939019944	-1.0254002307798422	-1.9741876358812354	-1.6842896166823826	0.05974361211895482	0.05400537761355595
1.3573352765903555	2.5561387514495713	3.9069665581386452	3.310156980511689	0.22700666210908263	-1.1543568613194026	-2.338494608947335	-1.7561804899377895	0.19310115643080986	0.07979723953123115
1.548481348008842	1.6491976116737432	2.3135874706563007	1.8142163230918942	-0.17939238143741051	-1.200596227365417	-2.2156859404404	-1.723396217290163	-0.23808977667832174	0.6035787606489156
1.1552179265542373	2.184214864161402	3.4477117266596915	2.418416832432999	0.24834477559339177	-1.07507361752784	-2.3999482439906146	-1.5618194977245947	0.18093371282136664	0.6139951939899215
1.7265647963506456	1.7959184723337773	3.3813253559799037	2.4879761854835123	0.386267443510382	-1.0250723364059595	-1.8707907759456022	-1.4973281064914068	0.27439221959559434	0.5768202249661335
1.4508872495199732	1.7309213712377471	3.4248752940349325	2.3186511527934486	0.7498353377477385	-0.716197556315914	-1.7289831393310995	-1.2331745852279998	-0.06479344860603586	-0.1192039247090223
1.3397204470618078	1.5622239405758498	3.323504443436907	2.7733722147352906	1.0062310765798974	-1.2030408325483983	-2.3378786976040433	-1.573755261130382	-0.40453326533070866	-0.7217134609132091
1.5200582736747799	1.838159597141329	3.3354291825460844	2.326568433261558	0.22500582366965793	-1.437316074711526	-1.9092358233900097	-1.9945792994508826	-0.7609457697925622	-0.9786884019771303
1.288547945842707	1.3306315731757659	2.795156374472406	1.6405676698200908	0.4194343278504242	-0.775290596178354	-1.2638160632052737	-1.3052113471927331	-0.5326207632269958	-0.6498413345216874
0.7291860536802521	1.5142133103429274	3.143754530238502	1.592659997568557	0.17713953700247678	-1.0375138426043564	-1.8302808559849904	-1.22830996403392	-0.6746058405395569	-0.48045076156868416
1.3947072703595818	1.3373668303317279	3.0586526954159843	1.7785781921864205	0.013809075001558285	-1.4447783587422087	-2.6158639467264866	-1.4188377431561312	-0.08799659480997202	0.43286212230162
1.6018506781811392	1.2937586643396182	3.148464146952184	2.2105087489336506	0.14061749276611862	-1.6960060830750872	-2.6588072464017856	-1.1231441003334586	-0.19773905010619977	0.22591532376533902
0.9482698365675353	0.9479974624401294	2.91763920753863	2.430756425063111	0.35380113517632805	-1.9181044119352517	-2.623757938179054	-0.8738722531705745	-0.10500838377633702	0.2160929248751939
0.612266838511287	0.6949303035274565	2.831998430572757	2.751234745824802	0.6803314735843146	-2.079850617286799	-2.7940234264538657	-1.2638107426576586	-0.5704435327922055	0.053739899260209584
0.4972548443652387	0.7261424290140194	2.920898439557749	2.670592903451217	0.6281268372925449	-1.6144055504246553	-2.391488113638842	-1.0365659909932199	-0.41042665563841507	-0.1606832773267349
0.26437725434373993	1.0122874375718005	3.6456577318590226	2.6692872301720216	0.3300128265835452	-1.6464809114166197	-2.2821974904619475	-1.2940302917029918	-0.39328640078701904	-0.13548277531144146
-0.060900036487000486	1.0579729695212683	3.469827094706011	2.587381052520344	0.1886507886938319	-1.8812580047429404	-2.164297374047122	-1.2506685306311267	-0.2570100452216731	-0.1604047681342291
-0.013413297855251492	1.5853080101698658	3.6923761220716553	2.7126162842671255	0.26556542217582313	-1.4999950408799378	-2.3713924705352403	-1.2682240361437092	-0.6134678547494847	-0.09078508729932214
0.39369278361099236	0.9181389184089696	2.4196184281403235	1.827405995389118	0.055981354986610055	-1.3313217569340874	-1.4527398693729412	-0.8223265988215243	-0.2180293012410841	0.417336027562103
0.8939299874145271	0.8927081248184198	2.0511832237069583	1.7502390282894802	-0.20213924045626563	-1.4003594414462406	-1.560064539756421	-0.6286938684480476	-0.07765932993245694	0.5886138348155106
1.444869602840276	1.3848581739353387	2.898493414804283	2.9953328317858543	-0.02625600396901409	-1.735483594061379	-2.233836880577415	-1.1109490266243525	-0.45439185658001036	0.29233829223010344
1.3901844715251441	0.9208408750915713	2.5771996120774037	2.5995965572214312	0.24187567216072822	-1.4384332669406292	-2.1842385331297263	-0.7955439331513479	-0.3019554569789704	0.33830809316969157
0.8040036007449605	1.2133437545367787	2.3526863660806363	2.143696910055557	-0.17557270780627934	-1.4065871025938326	-2.054786407557265	-0.7148809995658286	0.27051155997353127	0.885337031961519
0.7029602831462839	1.5656975672593365	3.0202312294636915	2.7399914311911955	0.05342875347490464	-1.737931801002064	-2.4175336267919545	-0.6752931391030791	0.3127884522684952	0.7859553601447817
0.18509665748324988	1.3678550201444737	2.375135986666286	2.2193509194122374	-0.04380042217289884	-1.4758272187637147	-1.1762054843019096	-1.14880720507415	-0.321041522258055	0.5188133532415058
0.4445083945011419	1.2099963067531525	2.1970040118547223	1.9470393902662753	-0.23661956927526967	-1.7354218107326678	-2.141121064276133	-1.6411582969059184	-0.39852385982256777	0.4976495625435042
0.8818495865758595	1.6230184611163216	2.73006604037975	2.4400982562615936	-0.2872705936191736	-1.7866679909527203	-2.4629647540543185	-1.614706239262988	0.12761487538568328	0.9144314367380868
0.8280970114467311	1.856782837144441	3.2865083440271072	2.857379642298476	-0.3610778980367975	-1.9838724227277384	-2.5800827842638356	-1.2774805850753617	-0.2794393321218938	0.7377311668131812
0.8652553741558288	1.5580560750298253	3.0083111673838845	2.4382760665554803	0.0907557254958658	-1.1038233467938636	-1.154565267874898	-0.6402995257891373	-0.03887623139151697	0.6228971357621762
0.30569571529164674	1.6431925708557762	2.950739439375483	2.562785975065651	0.38637910612028337	-1.0483222857263543	-1.603449637883423	-0.6451463658912121	-0.05227279468903069	0.5534721444101723
0.7787229046802477	1.2692153269114934	2.4858881516465825	2.24126164229377	0.4004780171182773	-1.0393725752659209	-1.477130837709861	-1.0506279451874174	-0.6175768884144711	0.27573307467078534
0.931066011504786	1.759542773836094	3.1081712249745244	2.5869759115491524	0.3232266072512949	-1.4479542932735407	-2.4904576802314367	-1.6267504171361897	-0.6009064553988126	0.5195151245473306
0.8771698955470065	1.5109427458776141	2.928892560161703	2.0074995306003283	-0.04442781193786166	-1.6079660746384512	-2.4096281780666287	-1.572483309963067	-0.6473985966572914	0.4098674989050413
0.8113451798557759	1.9773139119104068	4.024884650099846	2.816959360574408	-0.18835522899564647	-2.1439909005128706	-3.1972450580083764	-2.379928286022879	-0.8956549621140932	0.041957029226786846
1.2151709843886067	2.1500308091450298	4.853913772662362	3.562069888013711	0.015245244164562494	-2.1865087733224144	-3.714140580685803	-2.3741978130883927	-0.7398779691752837	0.03845180098348526
1.3983965070144935	1.054688115016599	2.744001731718352	1.8012451670633434	-0.21849549839961838	-1.3077833031647177	-2.012024076404078	-1.8017248432399882	-0.23538940941680098	0.6040517968433712
1.1371716233217075	1.634915814796027	3.9688384781729003	2.8583704415561555	-0.1124148043004273	-1.8540739213677842	-2.6474472402800036	-2.0942273057360508	-0.39876717358411645	0.2246304993776957
0.7392544212722321	1.6253237559567317	3.47601444029382	2.358050421810437	0.2811945333672127	-1.1186461571788806	-2.1605362365041594	-1.9323453130474073	-0.8028751231179581	-0.09012523601738753
0.2782002724817844	2.123803199938947	3.831617970224143	2.572413128154483	0.14326864203811818	-1.3226714538264632	-2.3376281938529906	-1.8459501980343382	-0.6988068360524318	-0.015973928698469447
0.2345834574834246	2.3662598417924396	3.800965902748673	2.5514609720577845	0.2694785725863348	-1.3493618607601947	-2.5142788796488	-1.841695062954798	-0.8506451789127718	-0.06269276701260523
1.105893288388053	2.1401310677207626	3.274886795912754	2.008562430830542	0.15979710947151105	-0.9573525008933613	-2.096625095585925	-1.7693171416545626	-0.5551185957041691	0.10584363714074585
0.5981863701088708	2.675989373791901	3.9365078139378857	3.1341894966106807	0.42908774694813645	-1.480984716404305	-2.4982951682261767	-1.7388324237790211	-0.6001911550986758	0.06287107967836969
0.36149912756291724	2.473374963942491	3.6169594052937026	2.3592777254669794	0.3032135150705767	-1.3171572007294126	-2.2914236031258266	-1.5651030865445783	-0.3798363985430521	-0.5764694651916474
0.33465891834123684	2.2118748018672694	3.2971125556286545	2.610058865064479	0.43354592195187547	-1.3677589555076508	-2.5443703176348773	-1.686004720431974	-0.7432897124487818	-0.35981813137135377
0.6391620815840868	1.7613921857609858	3.276387732495498	2.9998878039825803	1.1843095642409804	-0.9390489888687963	-1.970360069184422	-1.4477638548811624	-0.8892453197792398	-0.1574126174924583
0.8861048144479532	2.046508172564195	3.7704573680666598	2.835893901842825	0.675218876054435	-1.305474760971041	-2.783108772332347	-1.6111615446807368	-0.7259138499619533	0.3641104144479005
0.8959487068608251	1.7242748274382684	3.6889867005230297	2.1804592829599017	0.07256580604188823	-1.4849930207285786	-2.5947665775200095	-1.462021248598024	-0.2679417859400094	0.11920238742626144
1.4041543187915821	1.4018542008609425	3.697843796678146	2.5909414119419822	0.41337604927059735	-1.1462280219592413	-1.9079994983395805	-0.833084673468668	-0.18531537839308712	-0.24524379258025353
0.6777739501846287	1.292675852759188	3.34408230316443	2.548537739395671	0.1263598768961095	-1.6289762998828128	-2.03021911548388	-1.145404986926386	-0.3575865646103965	-0.8320516558437994
1.1517505000751196	1.4437571920982728	2.974175566684816	2.602843772728284	0.01870156129953933	-1.415562251878179	-1.7795013746152215	-1.4278817298643833	-0.2623844276121681	-0.3302288568497387
0.17077059882428203	1.2169843696624474	2.583485221286228	1.9951131633208112	-0.14897370080303912	-1.1321472171474727	-1.3332736057567232	-1.4106687737555381	-0.13647514463663873	0.22491482464939572
0.1357003771052585	1.594492519379114	3.3593104835036254	2.1738809028454975	-0.27359538213266893	-1.4483658474984227	-2.299332532176516	-1.6537776541147131	-0.20079303288158612	-0.1699685593651401
0.15565055361010718	1.0748726049028117	2.7702546091171287	1.9709005149051644	-0.09288883243623092	-1.2475661912841145	-2.2774208198853736	-1.4605017468913335	-0.3539767776844463	-0.16436926895679915
0.17316672635210756	1.2533540122997548	2.8205432904016057	2.146215847569027	0.22864627653534864	-0.8889767572032116	-1.8783798795328828	-1.2394268663144303	-0.21386594261772052	0.06529685546021385
0.1168378679938622	1.4709353168045487	3.2720726135472384	2.6014427001861127	0.3950226264131842	-1.1986274617958206	-2.247681264018582	-1.0072092173240863	-0.22140646233232816	0.11715108188807402
0.4073177343201433	1.1955075507467279	2.8031822644436133	2.048623015754077	0.02784548110367313	-1.0830846326039383	-1.594577205259357	-0.9826237309733729	-0.031890185077281835	0.08500441597329869
0.9451142955843704	1.9404029896208144	3.8645011394137883	3.2380494656829004	0.25461725148262104	-1.354873457888571	-2.45419299906826	-1.668235862614675	-0.5675929886592177	-0.4373404252892297
0.8469793600658638	1.81388227788427	3.2933948051475737	2.6395579067358863	-0.06257693466992681	-1.6851605269786747	-3.6524307910492873	-1.9293041544174507	-0.10987299380843385	0.40023745862224
1.3615911112728107	2.3596317540100187	4.332381902483397	3.092501369064406	0.07819072580082581	-1.9241726408581359	-3.624842393283939	-1.9334985596380168	-0.050549919881546224	-0.15086602832179685
1.5315060383923462	1.885414474672645	3.379845302864457	3.005804403107228	0.2744322795125789	-1.7143804288290914	-2.590545680954991	-2.065151654384179	-0.09624889532484474	-0.39320301299838667
1.3841755732635748	1.4671228437143493	3.024991625805861	2.4035521478662214	0.4655802921871619	-1.4189240923071496	-2.4510235019656568	-1.4764849966659743	0.35070827103277735	-0.19261233964101976
1.0833247514775133	1.4121060303712933	2.968573242560411	1.9777163405909561	0.693747882658898	-0.714612938902223	-1.6259987297234548	-1.2111717070538655	0.23033972510469047	0.030255563632447524
0.9212258521689694	1.3369906949153005	2.975794852471264	2.1999879085051415	0.883511324555393	-0.6941790139089138	-1.5157135066000667	-1.10243114016913	0.14658903435464593	-0.16895416808268615
0.862886407949945	2.5142905083344047	4.646133130900843	3.6292883971650394	0.7575892032175938	-1.5092299795086932	-3.339706493119594	-1.8166881387699523	-0.4288576741191777	-0.7883226034466927
0.2917987086133079	1.8434340638512927	3.3806803169736126	2.851855053609408	0.0852261569325431	-1.7072183262438472	-3.2943326479229342	-1.5845936882736409	0.3536568104565296	-0.11609815031629911
0.6523633914764326	1.8159522724706627	3.912844801521825	3.3020580984035126	-0.10795734263226245	-2.0565867737573926	-3.6229079167895595	-2.147898923701422	-0.1800167657886848	-0.37920168943839033
1.281754766614604	1.9547933221546632	3.602211215321488	3.1469196189495543	-0.33235800310709007	-2.381445122623959	-3.2088956225510814	-2.246168881946547	-0.40210451078934706	-0.778044412341717
1.3302086331028453	2.5193912653772665	3.8339373698527552	2.9905698891229697	-0.4174863048241719	-2.191531908660705	-3.403886945205111	-2.3734306417178197	-0.5570836198636863	-0.36021954127751726
0.538096566875211	2.2898615163323384	3.6831057960485922	2.783714405594514	-0.03622410521550162	-1.7119000750133528	-3.2905531895432483	-2.038382175748491	-0.5123902236802013	-0.16518449059016013
0.628588582074697	1.7653062746509516	4.023062033228641	3.128156162987717	0.4748305711318586	-1.370883247352603	-2.5469716414158543	-2.148701699520726	-0.7353391233276738	-0.5618492004223645
0.5885158460085613	1.9616881497653416	3.799857250738449	2.791294462118445	0.6277240976738092	-1.084362106253701	-2.371851811442699	-2.1289466746411527	-0.8258984443751793	-0.29093024900264475
0.6384167836653984	1.780088724568023	3.3762705608250334	2.586000265043332	0.35466405863707495	-1.6445447934706712	-2.724975092233751	-2.556802098329468	-0.7982266728604673	-0.17378743117573048
0.6055430441598852	2.106293141428919	3.2670413754807113	2.8069629726378476	0.2862116021402018	-1.942937145625164	-3.380481946576297	-2.1588082891964357	-0.384107240768385	-0.0439605390819407
0.6105642863011537	2.0036778652239415	3.0069810447859027	2.680292336898456	0.43667501909734985	-1.9433098850305708	-2.4217791974329477	-1.7299962102826614	-0.39684879000003187	0.09874576711514574
0.482572315200394	2.52133077470303	3.398371390119689	2.998296910357933	0.5158015638914457	-2.1015356161095187	-3.0495206008946565	-1.752453426474758	-0.32879481356729834	0.5519729835069948
0.26454011067242383	2.114000662076078	3.194487813038871	2.6475694185845713	0.587510512518971	-1.706477309280758	-2.9782885989969845	-1.41938176675033	-0.4941043096262076	0.20482724917020084
0.3897870587031589	1.8320901590753447	3.2121697142427097	3.031983522682514	0.846956059951004	-1.6195575126839434	-2.703175687018115	-1.206703822845864	-0.6328758113790998	-0.06977646493236256
0.5887181530956649	2.2355756194902234	3.608172843301224	3.406902490841444	0.7657392315981938	-2.012434093822018	-3.4629370445325183	-1.9012961036737508	-0.6749034443917117	0.03392644857819746
0.3094909619050944	2.7947934086977586	4.04554120840025	3.789114342029017	0.514559869108673	-2.109556816341486	-3.3533314605329965	-2.477368150185077	-1.3361705023891202	-0.3941801939182342
0.577535839183912	1.864095424953935	3.067739811825258	2.799702909892761	0.7975290627931304	-1.3000583081497417	-1.857000131481509	-2.0852593597363733	-1.4000113831864116	-0.6152645293728009
1.165170192706599	1.5304377508145617	2.8792049779535005	2.828929254685808	0.6233844606457711	-1.463576294321585	-2.15514692724034	-1.1950988849651873	-0.8024721778719602	-1.0329381267631135
1.3376899493665866	1.5061193345511728	2.4441741873681897	2.211283614441745	0.449036380833958	-1.446206733550895	-2.202348873158484	-0.8665609549051676	-0.34359692530136743	-0.6467704210330215
1.3189585594077173	1.3480694376505642	2.299556950900338	2.0850382701662027	0.4853553910876432	-1.327272864892554	-2.2332800946841007	-0.7517635837117443	-0.031264933069814205	-0.2777312773273351
1.4144377563692794	1.1531257099687824	2.2528447054879	2.2367479570306323	0.9128798134975133	-1.026042241654361	-1.8212736851448275	-0.7913241874582432	-0.1550180818393056	-0.08545220364965883
1.3684230649735927	1.8435035877425607	3.0952728185980356	2.811926473327815	0.803131483847425	-1.2147138149430627	-1.974251932987731	-1.620255716457986	-0.5950711158087569	-0.3095422468098748
1.3226963887453163	1.5377943541648806	2.7594884451302475	2.107552890613201	0.8992617948689459	-0.9821520125233707	-1.5115394736329653	-1.3146344415494793	-0.6537113222646888	-0.2174081039680631
0.9149290466796232	2.2191240856025787	3.8658280445797795	3.2408524233398275	0.8548466043341123	-1.8447294588683287	-2.657394492575187	-1.9393183697210947	-0.9451080548201083	-0.30416784007855163
1.690596956974789	2.5428163745264465	3.910783395009196	2.8498086245252914	0.48000387140274836	-1.7532131835653664	-2.686469077601236	-2.0811538069253004	-1.0301508919199962	-0.21463401282171676
1.2802501364014298	2.601128035546946	3.967050664773166	3.434742098453003	0.597396505957908	-1.9767535491961414	-2.9582224597664912	-2.125561343061318	-1.1996072219360714	-0.10642591604822083
1.5269689818890924	2.568251853994839	4.413398579948111	3.134953136160958	0.16288371218458841	-2.0387767972286124	-3.0264397812133144	-1.639885993949889	-0.7183383002492758	-0.11696924710673814
1.5157948760290685	2.225207108436291	4.345766014324875	3.186692307270544	0.05570700632795744	-2.1347624279999473	-3.057016463108084	-1.8528504775800705	-0.7782303045841443	-0.359407800324562
0.8842413628204411	2.049854553274436	3.6330432306284006	3.1116918378400156	0.5246872070438708	-1.4809982679257745	-2.585734951693917	-0.9806792128343467	-0.27621265280884755	-0.17014069765044187
0.8929191769968169	2.083813394744836	3.231265152690798	2.8762386698390494	0.6437599292971533	-1.519888876495453	-2.602041749038011	-1.4734716645228536	-1.079459548152394	-0.2929992636066364
1.0219346963230371	1.4347113957861155	2.925368825449708	2.510142620361904	0.40155562292678043	-1.7357245730897752	-2.1616072336428767	-1.5975859838741386	-0.9922185898644661	-0.4275674298216798
0.3738922656955618	0.7903173231474981	2.3491081331509513	1.9127648789192593	0.14724437555296416	-1.6993748020773736	-1.6676721949598123	-1.0175292312907307	-0.2298180453092057	0.13410337768420894
0.6074351151113699	1.1894685465520929	2.8811200435481923	1.944046257779003	0.29718784527045766	-1.6797998930815017	-2.036747573223349	-0.6375180947484642	0.06800106326895672	0.0704573965878322
0.4059851095773493	1.2263515717545468	2.942706328069379	1.992708168448119	0.34838001375856065	-1.5773673092264322	-1.9857893013622623	-1.021416680235867	-0.08545168940112716	0.1760285482788779
0.894201332712566	1.4229172167951583	2.4816656718970083	2.2190991937113513	0.13388411552489643	-1.9626793524084036	-1.9253997076762384	-1.628821014177047	-0.4595764356578056	0.05651609622059077
0.3408637438294083	1.3626114760567822	2.5232861616857933	1.9331106926298507	0.03560275081806877	-1.6395252051837437	-1.5779255047045	-0.8402717311620267	-0.2036367141770158	-0.017255590680476676
0.7730973451769206	1.8054292599115307	3.5198160253259596	2.765271589089622	0.0027654914290843463	-1.9320399899549443	-1.9396715107763935	-1.0919563481377776	-0.1783899877283316	-0.11306838605876945
0.959521261618427	1.8456983269459855	3.641317638791961	2.7875679197748737	-0.03110828681172465	-1.5326248467933121	-1.8609313567096113	-1.3724384802867609	-0.11096247051306152	-0.4011060657002968
0.5853224429308372	1.840445678549569	3.5933640571688725	3.3421595628491776	0.5536472819177485	-1.539422924927132	-2.472318057828891	-1.0683312354652101	0.21791873813440088	-0.18739806055874045
0.535070631048099	1.8370376612237058	3.453473660049868	3.2404062970060594	0.3813437833768875	-1.7169835035711094	-2.385637811412693	-1.2668782165396444	-0.14035471517681036	-0.2920430063422593
1.0740815018968195	2.136866055839931	3.6843500968750273	2.981225805682779	0.22510815349193983	-1.385289044153692	-2.239078423747384	-1.3730802183013247	-0.039927790338473115	0.16237983412290546
1.214940493726343	1.4708665625779909	2.6339025400568863	1.8738466705646075	0.13568053127760665	-0.9240546203250426	-1.4202562762841355	-0.9895045029575947	0.12145842926054463	0.4683790030773176
1.1416004289670216	1.479416441238358	3.5523162968135527	3.053487303637449	1.0357943588868592	-0.9884530503899267	-2.006818276440219	-1.3450079156045192	-0.38203277140094405	-0.02016926988640816
1.2224689347494209	0.9749521520438263	2.5875389141113665	2.7040902367843915	0.7478557001653525	-1.4538526271990069	-1.8813567202659638	-1.3186582109155398	-0.4583093515223299	-0.05303824862663027
1.7827920739618794	1.7876500372521171	3.4636254541775635	2.8936151172949307	0.5295079668777527	-1.4952835695016808	-2.491329411576781	-1.4527685047992382	-0.6227042621147406	-0.49577777985960975
1.1521103378584134	2.0890728547534625	3.0858384838011945	2.528055422187044	0.23846979347876385	-1.4955962510311283	-2.7584468331554994	-1.8437984460660966	-0.5652949469862263	-0.4307583832118532
0.7428790526455751	2.1534690200382407	3.87186882496333	3.231726663062742	0.2957977988990387	-1.7106592201504887	-3.2936632031445585	-1.7240382569032748	-0.3665008388842904	-0.5302886309442274
1.2860032283987963	1.8696536999027638	4.165982156994994	3.5695802808374633	0.6088620073347244	-1.672262608109986	-3.162696331985199	-2.011223470216277	-0.5486384991419642	-0.2839549480241896
0.8643060541972838	2.165177310160195	4.477045207958343	4.126798588813471	0.8950821806630884	-1.7215556203656426	-3.4236800458172327	-1.8021290722258116	-0.4657014778007576	-0.13083737446827445
0.8995975569953086	1.5902358370942484	3.2689707999194555	3.0692240058351925	0.007121374702658612	-1.882523789621682	-2.967745475575427	-1.4206110122397488	0.11007122588368218	0.34867218834706704
1.2403368893371964	1.4072332087277175	2.893796562865491	3.0066119932557873	-0.004929049417805814	-1.6766358445379625	-2.570025244535502	-1.2565514430993827	0.25341738982103756	0.39434855506543126
1.2676391418811122	1.7617807580051625	2.631963274147176	2.6952111763086477	0.20579241150219202	-1.402980979990998	-2.596445343869335	-1.0906892090147489	-0.06548002316878937	0.5144865854868526
1.3944148973759924	1.8359821704950392	3.025683887858014	2.427353073643385	-0.03383713099427205	-1.3959243758778934	-2.2848597788611924	-1.2457811903405216	-0.17746197779053036	0.24285052088671166
1.180025337219405	1.9196257976966333	3.2352355969227604	2.9304023380839985	0.2708033204878884	-1.473651509031856	-2.4740889700713575	-2.0159286051833947	-0.7228639142046462	-0.007653739205354559
0.7362433893036233	1.2385526870133852	2.2494508236934965	2.478812031325866	0.5240335650017345	-1.0388641128169736	-1.5906735064033222	-1.4416818112199004	-0.4817986911133434	0.08531820645762397
0.21705000764626714	2.448106400347824	3.2341726810818887	2.2428408152857693	-0.10290361846258778	-1.2228321084471485	-2.0810299067913416	-0.8784510238206398	0.16284960115285874	0.19930136468210075
0.5572558265619352	2.4024973389585385	3.4218828720709142	2.5401136212440303	0.3043909469403483	-1.013658624492273	-2.279962454975063	-0.8317151062208418	0.428915959338338	0.3936262443432912
0.6902771710038117	1.5637780498944434	2.7860285707457493	2.4436842640091716	0.4515813917670065	-1.268769324939209	-1.7592581788053656	-0.9585229365427157	0.2712066628666686	0.24516462461445737
0.9901336204508737	1.8401762665747814	2.7576981458495196	1.8630379570893547	-0.11187509855932554	-1.2487953679591763	-2.0911904006370325	-1.5262597191699476	-0.1631520228694298	-0.041818151925572145
1.1793941399544203	1.0860341354685312	2.0415821469715745	1.7144702849469713	0.20742918841866675	-0.985845209169913	-1.6947788574978877	-0.9746854460015281	0.24337190844486428	0.04193760473744382
0.7637691907396691	1.4425304410661264	2.559223934601481	2.26885974972579	0.2458644160498788	-1.262500081933559	-2.4973580096208137	-1.4885635709485563	-0.05541119328198685	-0.49988282529246497
1.0136092543635775	1.9297021427194692	3.376762697525322	3.0248322354713766	0.5700146317788191	-1.5153795957713947	-2.9582893404469726	-1.9259783712837975	-0.23607422818847154	-0.4137864056361807
0.5419450665809815	1.2385837647265965	2.371417263125074	2.2432874562828147	0.6001364722021079	-1.353180895848401	-2.3176518494312885	-1.838461175219271	-0.5446714418108818	-0.3045464115069563
0.3445902044650201	1.5001155442091305	2.5352188599955228	2.1025448821066575	0.23716840934794992	-1.5895319112500503	-2.3688299571452736	-2.0301779949466505	-0.4597037478013603	-0.11088706412413879
0.4649021535069452	1.2515961773581743	2.8614730082672795	2.322841777133596	0.48418457401316817	-1.3273278925846754	-2.503651113134004	-1.84676540871002	-0.15651279589102313	0.10017534000189598
0.3835185154478973	1.2953149216247217	3.1955292991079722	2.4400871487414	0.8305956310147695	-0.9871015691479601	-2.2633364701173178	-1.9268292487820324	-0.5023543060833755	-0.08204056001541898
0.21444442639576225	1.067256836950593	2.8337627179608234	2.1191621953881725	0.6282774307952229	-0.6345566541316862	-0.967860697999197	-1.338196669238085	-0.294317054270123	0.16460559932967483
-0.0007204903858012146	1.9853612414917858	3.6294250361806357	2.3793832849449155	0.31599462014447716	-1.0072615928242619	-1.9744839986078095	-1.2888223575747462	-0.435953521671819	-0.25304004723432866
0.07738019933844108	1.6668640597682547	3.1781056513344774	1.9747933710831083	0.41069139537552435	-0.979297353154985	-1.467749537407418	-1.3558756089295292	-0.5482790294764623	0.02892731747210181
-0.07381991256750899	1.5397596178847357	2.83284148659036	2.238100957770148	0.657810941315511	-1.1188227678789144	-1.6016262353500657	-1.5456098933338829	-0.490131075675774	-0.028247158217277107
0.6557330086725848	1.8738902397564143	3.643893396013622	2.605185273698468	0.5971990295585001	-1.5463578242206055	-2.3102003135792155	-1.827408702292495	-0.2360213188417828	-0.11572059469789084
1.130040954190544	1.8864085795668184	3.698599969915901	2.71058140127883	0.6372126594262462	-1.4327634219085683	-1.9036848284811385	-1.6528749979177992	-0.12499937910777198	-0.17529572041405822
0.9870611607069125	1.873751111068875	3.7201339872143864	2.2974175439631983	0.5472290500237477	-1.2042473190215075	-1.7518003581474004	-0.9711535712189343	-0.2394389740452632	-0.2972529681436459
1.149871549421641	1.044514539749063	2.879298979466445	1.8252741830327355	0.6030952935556863	-1.01509476406643	-1.3297599733240872	-0.46714400191023076	0.2348491791065544	0.5100783760762333
1.788894314612164	1.2731474464227697	2.7324254418922784	2.346736981056055	0.47080512896051085	-1.6294777455937086	-2.3679977873199065	-1.4926914002998481	-0.2917238340161063	0.8431747138341278
1.5294502525422446	1.46766435074442	3.5176273718702533	2.8939044685714475	0.3430434892779171	-1.8804525941319143	-2.5683355183940204	-2.1252832071972874	-0.43038021585336483	0.42408207626293865
1.4612825102772455	1.7356347921215347	3.687035256158909	2.6674568035817563	0.21854116188703426	-2.107100048354453	-3.072593349401186	-1.9209779172973898	-0.1969036411863211	0.6414169269567103
0.6585769547831911	1.3440332027473503	2.8299253219022917	2.327735703451555	0.691362613817286	-1.9132629422992808	-2.4460569498545217	-1.5347210488392904	-0.22062202591904548	0.4049970887328975
0.49362948699158316	2.5976733799600455	4.041925026870847	2.9891258035360915	0.5108517450180364	-2.3989764821753465	-3.391978070117243	-1.937718972896572	-0.3642227407371387	0.15289361587145933
0.18159125261804848	2.3218366887498965	3.703270178123091	2.7770451761917085	0.4618785473037915	-2.033161923732094	-2.619443212551179	-2.0262880255415414	-0.30149222371335355	-0.19872894936652236
0.4323021673354878	2.068493230013041	3.7445731893669647	2.8910077931492193	0.8174385756874173	-1.69016605850583	-3.0086033183202647	-2.2374861218272306	-0.28399279891266704	-0.0203554924137683
0.6366669746293754	2.3681344226513446	4.147577993962602	3.081993298478662	0.34589716089341593	-1.9829474804135847	-3.057888349804551	-2.1074486707470066	-0.01726231871639755	-0.46242812070843675
0.4028589570530412	2.6046906807020016	4.302402818618458	3.091479006659537	0.7733903582340456	-1.546872095926334	-2.945367106050788	-2.166771659915246	-0.5708799740987489	-0.8085592888745634
1.031531212514135	2.132411118544592	3.7007918796789396	2.6409546327950766	1.0327822301208167	-1.3039325172914182	-2.6522701583507358	-1.608410225429334	-0.4662276832276076	-0.48937402757796733
1.080660053465401	2.263406341180235	3.522874158586227	2.470292445567271	0.7919456094138704	-1.7371981780026218	-2.756424612187436	-1.6408158043290126	-0.5836077527294873	-0.6437591544914785
0.9445927551717331	1.9854206327728103	3.0190996248841415	2.3623161673305035	1.0114838472880547	-1.4857824492837928	-2.6025178798201973	-1.6186780613682896	-0.8696720317224192	-0.7277285892395297
1.1047965543804572	2.2763650427372637	3.2761718156874267	2.5437010606172077	0.8959825023042749	-1.8023819278590978	-2.843407124951687	-1.8822369360978237	-0.6138846588833797	-0.16612130122687951
0.9436534405055721	2.011755153068477	3.1251544709309513	2.3556297761133234	0.6813021593417689	-1.6887730207633083	-2.0895897434298836	-1.7224148095974279	-0.7100469135671	-0.6350100682367356
0.7462020766013652	1.661848585797002	3.245016582832515	2.9490137596440724	1.0339721888224145	-1.6608938822362234	-2.277557568720985	-1.6470333056866857	-0.7575741858427238	-0.47096865535261834
1.6492641394318666	2.3995943709766423	4.056153551293619	3.5095229951653395	1.024925556856869	-1.913440897481814	-3.2954598948254405	-2.411062345095158	-0.971499316030732	-0.3230623572219769
1.2800262967975382	2.7705018715999077	4.053812481051298	3.0819985508868593	0.31288405710498957	-2.605743485235923	-3.9177157677094034	-2.1009190264053963	-0.22092959827303205	0.12296351220727009
0.7658481172092926	2.391743995261785	3.358516505740493	2.3813608625064444	0.5473480137046105	-2.0533812638713904	-2.6348272350433177	-1.1884649960254032	0.10027944895548518	0.014186616269426258
0.8757290470866774	2.2969225158670112	3.997899504453003	2.8945581443168185	0.4795800026121959	-2.0439494779456666	-2.858540274970748	-1.8563872258333307	0.005240110108612611	-0.46370666377664804
-0.08635288623167736	2.457571632183183	3.6559789923820167	2.310672722726931	0.3438093903706415	-1.6077586541749056	-2.5863327142955526	-1.5527569944817985	0.07559708879455825	-0.6203308355999967
-0.003485193327033176	1.8981301875402976	3.1776650372212103	2.422177517678727	0.6054240213416099	-1.672119155339427	-2.1857904210198247	-1.0759950390433515	0.38358084846247315	-0.6008750037003381
0.2223668013686889	2.202025921063469	3.4825905476704064	2.7189824998544467	0.499897414616137	-1.6443341051013685	-2.2120748016666343	-0.8108404849459652	0.32029958467598796	-0.7922785801760683
-0.2011545984125037	1.4057420469806554	2.5337295315000357	2.4174315149720815	0.6897689664346731	-2.005747964910293	-2.199204367459804	-1.161132696845736	-0.0935546893161473	-0.5913434848071775
0.7416860436763588	1.4601451230289617	1.641003289681799	1.8418610920987166	0.013248996205191044	-2.137397124224796	-2.2999150709942118	-1.2587629647125989	-0.4010132004945729	-0.35043182479261714
0.8482592417646997	1.7865169688624247	2.3546128325332543	2.2679914413746385	0.2603215574112631	-1.976044997843299	-2.1987307737693054	-1.2558009830993924	-0.3852067442291783	-0.198256527692432
0.5487909621078435	1.8401675992898892	2.679194535271461	2.638280058499074	0.18387157886421074	-2.2359790417401038	-2.427797657698884	-1.4021804248444338	-0.40684631287800377	-0.3845073737422777
0.7479655700490271	2.213353356208835	3.0336300316205147	2.5904399422654545	0.6865736354797294	-1.686352299418536	-2.5790736374983627	-1.10204001578173	-0.3058026756297027	0.03400283992253261
0.7956866516648206	2.060001345352264	2.8894385764463175	2.3775909617443167	0.6020073029567358	-1.1875142503805853	-1.8742772601481714	-0.8351855794610936	0.2449154575266595	0.29681166113630086
1.0976235026714698	1.9443001048927813	2.6111946528812324	2.114187692945428	0.34729287603146614	-0.8058866642823168	-1.0620530888998492	-1.1248846187674224	-0.006443661893539343	0.22069415371324771
1.1756015582228174	2.557237633662796	3.9577463100343144	2.9971213636814023	0.26823330593603734	-1.190232476131469	-1.5884970736497013	-1.360348251623131	-0.5326679791538498	-0.47299910789407507
1.1494469714303133	2.1127690734711844	3.433367137004068	2.9439694640270524	0.1816685854150513	-1.6347985898404338	-1.9912114708270559	-1.5035492711492406	-0.4558063282520245	-0.32246937640321294
1.3666928320828835	2.417535989540223	4.311428508028845	2.9746637693561353	0.17890186487029766	-1.4076125457431194	-2.139832231971138	-1.2406207360206198	-0.24563639389112976	-0.23054422405596908
1.2333189997094018	1.900452777580567	3.5047020599208913	2.1490049240640254	-0.020703196833966292	-1.364899119464098	-1.3935746282689778	-0.8762965221657716	0.12067857691718833	0.3829144553250491
1.1745688037322146	1.5477270762144713	3.1852718480276554	2.1958174451813237	-0.32928816230605296	-2.070730010935913	-2.07364007031791	-1.7558484826322265	-0.35189437620216535	0.31093411073972343
1.1972373684501936	1.8173658843054379	3.821250067929782	2.649065968853193	0.038660987511963674	-1.7664517350746887	-2.5669525872760635	-1.8954554276147744	-0.647782655930069	0.6560151225382762
1.037714731795343	2.0895742336110543	3.8762037005890964	2.7133052391355057	0.22407431118507465	-1.5211283624296106	-2.8257965391436706	-1.6480113640929224	-0.8649362722020336	0.4357384703970368
0.6248283125756268	2.050671745498524	3.307027254282718	2.1473768052060462	0.19590979374349315	-1.241176304013747	-2.1873999197056238	-1.330108538102949	-0.834541752416589	0.16540927641860625
0.16760534497928803	1.8435648141392575	2.502400107748494	1.6861431399189328	0.20664993067447898	-1.1336073267164437	-1.342205932613826	-0.7340269744543169	-0.6711913894405871	0.1776700525715811
0.3919220036731079	1.566859303530008	2.9645821079361605	1.6370131810484876	-0.1737339767985158	-1.448540312075326	-1.689781851536636	-1.2243637918531733	-0.6545556507083234	0.23578060170722906
0.9652143548527516	1.7173975450517702	3.372921045391137	2.2316529517854904	0.0592968790139784	-1.6861081602099903	-2.387791235021824	-1.4070788083246357	-0.9764247311201488	-0.04603639154770586
1.432377196998873	1.3956317390092579	2.6729222022260957	1.846427996569903	0.04935926342467324	-1.5604646198368286	-2.140879084537517	-0.872949180481896	-0.6769466691402359	-0.2339805853377213
1.552367100014652	1.7777785591712327	2.6804431271642573	2.3217316267220305	-0.06747159434037912	-1.7926340881536134	-2.4423124652691666	-1.8848618327678541	-0.7797422081912044	-0.15610395236138824
2.0866082443601037	2.0883137916980665	3.1424777571420304	2.483120766114145	0.02099166674572163	-1.5349928833904778	-2.938958619605015	-2.165924176366011	-0.6405540435177056	0.20785830653498538
1.8009022750979462	2.562657489679653	3.339490225233038	2.776869018224772	-0.06442674262027877	-1.5469668551786944	-3.067674537951614	-2.143296435355026	-0.588859745187228	-0.17106201379149927
1.3433605264882424	2.272751908545781	2.7958130589152486	2.8738931445720133	0.042228310157745697	-1.5951917321625928	-2.96675311548824	-1.6495168525708723	-0.4156089201816795	-0.010993056236241638
1.1943175508184116	2.339881461168251	3.3493328095429673	3.198573503742968	0.42833801394121623	-1.3859616637493337	-3.4534016298708106	-1.868162788452686	-0.6846434518282729	-0.07191479775868767
0.9057077997130416	1.8817003950996267	3.0314586189920814	3.127494074814844	0.684443245085316	-1.3834479104698767	-2.983383204883304	-2.10653409164533	-1.0120164402505072	-0.014435675748567633
0.8115937419218536	2.129917865288392	3.3814229767414083	3.3019863953290978	0.7748044795348459	-1.016165741079278	-2.2865183367540984	-2.1005541642195995	-1.2251374612582766	-0.17033648575585847
1.365920417731342	2.33381182896704	3.812119270394578	3.2751144651533712	0.7441507547003705	-1.170164678682842	-2.2959859295350706	-2.24727158197475	-0.8766483232700217	0.1787970311373523
0.5045183482879496	2.220396766196517	3.2359194713802073	2.611647755461526	0.11545475958098483	-1.240907938018947	-2.524322180880565	-2.24653513761712	-0.46192652105692833	0.6767179825861671
0.7278203135447028	2.266859886168399	3.1074780842864285	2.3824531219223264	0.07726258897352227	-1.1663641498988115	-2.4405069569557454	-1.895669185922954	-0.3206660980874957	0.34199560720925615
0.5397139196782418	1.7443993124614237	2.964307200045982	2.440351616377346	0.5424252261538599	-0.7074986581408348	-1.7824150553795755	-1.38995761526875	-0.4159141537925367	0.2104449013225495
0.702750123937086	1.715532681568501	3.1221504153175474	2.565228770236795	0.47905252337776133	-0.6356724606493248	-1.6321509908101053	-1.3384304863284446	-0.00215346523922072	0.25149042720609843
0.5539860926696867	1.6099094326531214	2.9562996316782564	2.436376564923922	0.35587477521222666	-1.0371045367059872	-2.2409142582578605	-1.413359384034243	-0.10099167899602832	-0.052489855794995266
1.1057554694793903	1.438271811634889	2.95840850527342	2.3037216523994917	0.23454342375332488	-1.3817429045742557	-2.5413053138200494	-1.161073024648789	-0.025659135945578643	0.08551929336882888
1.0592595232875004	1.8667640863210648	2.872243673081519	2.2690115735169156	0.48676721312693794	-0.8963826925276928	-1.7706600284483613	-1.1484696974006936	-0.12779819646555382	0.2900879160751765
0.8207525315542512	2.071119103070759	3.084047063393953	2.2207307691382816	0.16536434683341383	-1.1840410419591487	-1.8985587108824307	-1.3230591775711722	-0.0624625573508497	0.6848159129961142
0.8733499257576058	1.6862106839784936	2.951899376561046	2.197818980272503	0.3752325182890078	-1.1168442848115119	-1.6614001580274387	-0.7215330921609634	-0.22000378188283265	0.2088702040895179
0.7997656792259585	1.6927398037417678	2.374654890034111	1.9527383052308642	-0.04830704400470648	-1.4180648970988747	-1.6533835228726987	-0.6828552536810041	-0.13499386918449668	0.039210089163857154
0.36696563701540713	1.45817513994804	2.865066975696978	2.367851124481011	0.0714311291216472	-1.3890488430938277	-1.9014443622142838	-1.229262707250942	-0.2878942420921941	0.00045434213064917545
0.5014415506517442	1.200992570831331	2.3273578283398972	2.323672713715332	0.09750760717067794	-1.318144954473649	-1.7811592599177164	-1.0679841897120643	-0.3366371246414803	0.1740633766747557
-0.04843352546280644	1.6079708957304484	2.493164484165355	2.361215665423954	0.3588605553237997	-1.123424601283646	-1.7972271632813959	-0.5331356364039314	-0.3519770494352996	-0.08092228705257809
0.42441322648901897	1.6736654462519576	2.587334353062683	2.766998915242097	0.26400211080543945	-1.1208463004056968	-1.7742223372975134	-0.8700721323366329	-0.2762032045827991	-0.2832767490976121
0.816582216929777	1.171522429389602	2.0783553783358935	2.4954234010480127	0.26635505341735605	-1.4445352385983146	-2.0832117971539263	-1.1315413337036397	-0.37467948121979955	-0.7002879261788368
1.0080327645347613	1.0954398432471395	2.5209505325800734	2.4022681848821072	0.771540508383951	-0.8691522602172707	-1.9904283308216673	-1.0467631209904482	-0.1371256934006771	-0.28394934796710586
0.33060616180843017	0.9902363968907179	1.975260284187336	2.187652125887893	0.3651516498597673	-1.1311552646729992	-1.830358661893936	-0.4814946898762108	-0.044248718460718484	0.022569635360304263
0.7501526043013363	1.0360024380318282	1.6431674740919222	2.0288683846208984	0.07081350180679086	-1.128893084107787	-1.3224906753390615	-0.945772159927146	0.05820621310422722	0.3309917501010448
0.792834989602641	1.821015283372323	3.0409019765362366	2.9924553221876087	0.0010021368269988173	-1.4767741212689205	-2.194386329667187	-1.3676392892872349	0.11865610737717108	0.0756162660661242
0.5964405162178141	1.590795591412542	3.0628990758413908	2.9284410778202203	-0.18331226633580547	-1.6403820793810784	-2.249747170254437	-1.3062517160371259	0.2696216311017573	0.039045899053884815
0.5650083335665568	1.4273745088736853	3.0390963917549456	3.220432938465569	-0.08909516351991603	-1.8642767985338051	-2.887988400373103	-1.3194293466757379	0.06640572857217647	-0.024086425817552347
0.3806503692118545	1.7268032756281548	2.7499697467468387	3.1528438970271546	-0.03972047113844751	-1.6461054221936497	-2.647069479663824	-1.363481705123865	-0.03060494671274809	0.292051181348216
0.5580347942416222	1.9204053154756642	3.0625049885590165	3.3561026339455933	0.2707879816393444	-1.3631375810155575	-2.7142753898940186	-1.2510660135511695	-0.18632076299085432	0.09264834753459461
0.3473689953717485	1.8314454130040116	3.269633441087501	2.829059011687221	-0.004629802114395176	-1.19002135660488	-2.198027031024892	-1.1092150796621065	-0.16484676080053753	0.2233922515078875
0.3949840487459969	1.6459318641403988	2.922247730559828	2.687903829077542	-0.29080976492096905	-1.5508518454594935	-2.2460773593613514	-1.5182158874865217	-0.25320390042800767	-0.20054888813260652
0.7539653759036308	2.160841488505356	3.4213802957669346	3.1807617815465354	0.2340364658827962	-1.036993464370838	-2.1891553367310532	-1.5798922451072541	-0.5512014378261886	-0.24109386769629965
0.454856288278768	1.9898115330275123	3.158593438622025	2.6843887155746637	0.007955099516351316	-0.9374751467564697	-1.9119336834080294	-1.5687823429409673	-0.32303982515129287	0.04460129544749064
0.5972464722913899	1.8541089966911322	3.6178230161830705	3.2427402252867794	0.37351456262538296	-1.2645813579370973	-2.2446527749328884	-1.8012949956092912	-0.4629506899111906	-0.5451289669273098
0.5867557015997449	2.027240232103777	3.7476623134297564	3.4968640560203283	0.48909065392465745	-1.5228149903710808	-2.178281066873945	-1.7931242032440389	-0.36382414492754594	-0.47372918313204676
0.40427761098336157	2.2432864933506456	4.0711891590142235	3.7171962885392915	0.5672795191674259	-1.883290600315002	-3.001174041554127	-2.1079226130505164	-0.5030958134243342	-0.2928106961910585
0.24242642807066225	1.7291954215039718	2.61898963442579	2.530871314972728	-0.3501007602613686	-2.0316367371072404	-2.663833262141662	-1.5296909631055842	-0.24735121846903912	-0.07657137267623579
0.4421729456362794	1.6859118091085152	2.9129213729717645	2.536757329063257	-0.42181120289136015	-1.777180872868299	-1.9065256287326002	-1.401805961237773	-0.18440338671641957	-0.08203439725614863
0.26155773886560707	1.7648159545115416	3.2740999955323846	2.6373718102241224	-0.2503034453450794	-1.8587937255486449	-2.5779790531666826	-2.042180478252618	-0.44825826029684424	-0.002661819656714845
1.044861206514629	2.5720085662758247	4.409441834793629	3.268134931774579	0.10182727677961667	-1.7497158783951499	-3.0483471222516454	-2.153932504543378	-0.6434093274489419	-0.34785818269868873
0.6684619442392634	1.6537725250795163	2.983362841634742	2.697578678401419	0.3846782813077925	-1.3563178460112244	-2.4017643190173477	-1.3323771819128853	-0.4406772070989934	-0.6372124173380422
0.806716781245165	1.3011585606556706	2.475073205417638	2.3918987947430557	0.22852318813932318	-1.2097019341994726	-1.8847928371728604	-1.302447800054783	-0.32070527368215207	-0.3511574103511318
-0.2477917340733511	1.5075802745201692	2.4454520921842327	1.9452217627346813	-0.17279140983906258	-1.6915649947943114	-2.02897086554583	-1.0786172984577118	-0.15639319043012379	-0.17229729159814083
0.44978396298330914	1.7493672363119013	1.984759490404191	1.5316706923096586	-0.1562820296543874	-1.25105661122656	-1.6708492104758585	-0.8555070659547174	0.200741259455901	0.06291761103808097
0.9353618135417581	1.4651100999246367	1.827454158260036	1.4533116700922437	0.10761406416383304	-1.2951872064783505	-1.9571033817648587	-1.386925752748027	-0.5995165277920753	-0.4518199518541732
0.8030611969580753	1.9369237430285302	2.1021416052558495	1.5707093534106766	0.17518773728159523	-1.0383347712886943	-1.8715288125732719	-1.4468221706146394	-0.7775814825375591	-0.24517325417689806
1.1707699542180983	2.4251707096478716	2.9502458794001347	2.6381422457621024	0.5545857530874317	-1.025015763062112	-2.358986322855689	-1.2831791163221575	-0.43540170262751576	-0.22528031145830335
1.221998940170129	1.8662696964036112	2.9403983646258154	2.3582689188771395	0.5299722001583509	-1.1371326569108895	-2.0172843716159057	-1.5710093971807795	-0.1336062318743162	-0.4500951411766215
1.2292280348111717	1.9067322887387665	3.0714771781636325	1.9749926963338549	0.36714249559809375	-1.139544548936469	-1.5245884744158271	-1.2404250874319804	-0.0019821373383105967	-0.222806938561117
0.8176024815762168	2.0114470657022516	2.764191236227712	2.4281320926811563	0.5462355673728775	-1.961369185148053	-2.294449722992681	-1.4170897211400963	-0.32321311368708483	-0.397632853758056
0.994226788948309	1.7297108244624841	2.683311303052719	2.30162834742942	0.4042187646963292	-1.9336265186966526	-2.317583384874707	-1.6977510328056666	-0.26424809417969175	-0.39119205633692067
0.8532919395110037	1.939957663255021	2.7949544378349507	1.8720162800492215	0.5173158795080202	-1.180030222599353	-2.129158001870316	-1.154516733343852	-0.13348254046684313	0.22491944649895457
0.9676230585185155	2.1756314020249974	3.536731152531891	2.3363115306349793	0.608526120854943	-1.4087177290734718	-2.3802211484363225	-1.2727421242034829	-0.4570521269933365	-0.11685098825490209
1.6050002302781867	2.2270997870228406	3.6596083811397926	2.401987082019312	0.5085645725261345	-1.5142866075101502	-2.3974393723195706	-1.8020132824916253	-0.4635272396008094	-0.07640089263033722
1.6858983301252204	2.039834256848872	3.433242027300398	2.485096034672268	0.6922327277931465	-1.4079023217882753	-2.2235800688514513	-1.6556387983106802	-0.4940749953226513	-0.03224343656545411
0.9237776184035082	2.5406927245599826	3.7200842197032964	2.7820464038867003	0.7304323943754356	-1.737919413502238	-2.6974098014264483	-1.4634777341878027	-0.463315053866859	-0.08270629727365911
0.9089361409434064	2.205323419121506	3.230473665449212	2.596916104825633	0.48431075406904966	-1.6024499875848925	-2.206182086012756	-1.4461361107130555	-0.3735824007861159	0.18186616042447704
1.1431774176844027	2.1858228873897296	3.45002718300636	2.831164776527291	0.41026805753537543	-1.478465261653224	-1.8697065761693943	-1.7305774216204854	-0.4901935253966575	0.1763872414465952
1.4119670952949197	2.2636824486502665	3.3995961887652846	2.7628663054186227	0.40859088951965394	-1.7574850035395104	-2.8532917121884043	-1.877175596020772	-0.034736130555793165	0.5284227447990397
1.0165425502195138	1.6629180864198023	3.0038702105771993	2.4696704124606743	0.8621228736641156	-1.2641158959058363	-1.8432176524805377	-0.9473717434612955	0.3042219711686956	0.29591962187595033
0.8677604128618908	1.8828235142009904	3.284664994893201	2.7706954738389085	1.0407224051505897	-1.0686842001084207	-2.2640063024421706	-1.0288221774455732	-0.1541468358733455	-0.03038220633894534
0.58985358185128	1.6667100628378833	2.7525923814871636	2.5588654602574232	1.0164355797844267	-0.9125074986279145	-1.7140535093723148	-1.0353964295317402	0.07032589965596717	0.20398353080574294
0.8059850356508347	1.1836839840067053	2.777371848305643	2.7714443576104655	1.1776210834048877	-1.1662164828235977	-2.0205973976899165	-1.3913120379622654	-0.18906444731848268	-0.5245072223319223
0.13781548006784528	2.6451233152830564	3.32515244223423	2.803853847171931	0.822097631973442	-1.3758861256223298	-2.8992826773558087	-1.780002799799405	-0.6148841616861968	-0.36019318111040605
0.8972293706667069	2.5960382154014687	3.113534821875395	2.2171037365897885	0.33618327127106573	-1.1200904327502266	-2.446481951012564	-2.042500006494923	-0.6150289191117667	-0.28891680098990635
1.1996678448827884	2.209164098498262	3.037695790939507	2.3834997909813755	0.15058565731335966	-1.7183397060481675	-3.343821298850154	-2.1200259508882033	0.15187631864336948	0.289051494373223
1.1719489413413666	2.577089103553101	3.2559335079600458	2.7287517494754208	0.26377607988210067	-1.5973120173090838	-2.9237161227045787	-2.15137578059372	0.15195270225547639	0.040734401859737424
1.130467365989601	2.2735211879726687	2.9719652816589885	2.4256153466841135	0.059059488184214054	-1.6590917935628218	-2.9357981286739516	-1.8599258446191433	0.3890748796313904	0.02884985796751849
1.0042854854254442	2.8372451694048624	3.9759885023568167	3.3560654364259057	0.16868518666772828	-2.00293780280316	-3.681782944203187	-2.6202827380743337	-0.06582688559650418	0.030690862607193725
0.6121375061578984	2.490151308959949	3.2074133920559325	3.0853412500898303	0.41838545863977494	-1.4322939502260215	-2.9082712862526776	-2.3352704569206164	-0.3134041115528936	-0.20962812625011135
0.7491943436203384	2.1795417512071524	2.878877085590128	1.9844129488324858	0.21627550532306017	-1.0810116840072537	-2.7232579963671877	-1.9006935509934333	-0.16034672760415797	0.2641402938976883
0.5440155197889643	1.7979420613141133	2.743649410671529	2.0730915970596926	0.45117934792144476	-1.021133365755751	-2.2861325442357683	-1.731318765555106	-0.3651265910121268	0.1323734614364844
-0.15711376448900727	1.96639331029105	2.8447987193490394	2.5607967094605257	0.8520286103692147	-0.9158465330178115	-2.42943634599351	-1.2863306328899138	-0.22471858032472347	-0.004447856898188635
0.39853158640450514	1.3729149732412447	2.386996155532504	2.2545655277649788	0.8729674376355102	-0.7537463321401666	-1.7463698298516603	-1.2870947830772739	-0.5347476190723872	-0.7351043784507668
0.5806486435291403	1.4828338294505554	2.3983114003837454	2.209422684679668	0.42788976826788805	-1.5093595927699024	-2.207044620976739	-1.090277265373126	-0.1880529098369767	-0.8080714027324261
0.7522958977426346	1.8854663741993942	2.509799560151922	1.8999936498568624	0.1465682121770056	-1.627635839052366	-1.8668235859803812	-1.0938807918424973	-0.21413067919666373	-0.4850842104312652
1.4792906026754595	1.7213175632060378	2.396233020698671	2.2470117560870513	0.1856714433294279	-1.5973610571194479	-2.1308926133167465	-1.8673240315047863	-0.36805449494430487	-0.1274762171552743
0.5923184992038162	2.3164040294495587	3.2658255363800737	2.8141268655707385	0.13700834878925564	-1.8959223142198556	-2.7303913566344087	-1.6060900870456494	0.0008218674539906545	0.16427299554632696
0.9801550944714277	2.146831660448652	3.0878386832181017	2.9724803926882712	0.03545334504355141	-1.8707164803936367	-2.46857585108145	-1.7980494112391427	-0.16276611238103056	-0.05721643215664582
0.8208673600103534	1.40168993877265	2.832111061272141	2.7161828659604725	0.2062942595054493	-1.3631761420294997	-2.0525233969791326	-1.8934901357291434	-0.17091038066839231	-0.1264154171789842
0.19852600425741673	1.0869077770675797	2.4109037578105643	1.894402087958885	0.062460954593904355	-1.382759973497169	-2.1514494440018113	-1.3171458439284225	-0.19643615319859692	-0.6568157301222589
0.4581337492443852	1.4615899477275773	2.7629103700631306	2.1351657326251297	-0.12941726010758933	-1.538953459288027	-2.2616952425292043	-1.5606730219366178	-0.4952302451923604	-0.7246094000981539
0.6697801738585931	1.1486069678235067	2.31523989164461	1.997589721157141	0.264287421048362	-1.0883844871273893	-1.4491648610176706	-1.0312205625864328	-0.5369908911908929	-0.6654945660785385
0.9436807132225802	1.5735075450724039	2.5948447889634467	2.263056462294594	0.3688267710389573	-1.2410137023910033	-1.9189174656372794	-0.8078088148723618	-0.2305667598648144	-0.7120511481874608
1.0291943444851481	1.2041822320301194	2.7197368590427775	2.0867597944848635	0.0722884539270045	-1.592172060325498	-1.902562492925283	-1.2478333125361964	-0.4370538693749912	-0.7468948760993773
1.170750552917645	1.3878255770118695	3.0068985976837403	2.478504742856876	0.0485454929432447	-1.6570875558618732	-1.975271394396262	-1.4203872701440587	-0.32798412223974516	-0.8755975879064885
1.2078494289896347	1.9475347706950963	3.684250403996802	2.6712035543688093	0.12086802954912573	-1.9456845016715236	-2.556415373653872	-1.8726679444650798	-0.9471186968429005	-0.9848550549539871
1.2779295492947291	1.797119298516905	3.1900734634856067	2.0558146453752504	0.18585042644648664	-1.120897378196315	-1.92574540812313	-1.4086931120749009	-0.46459455564493257	-0.44048633947849936
1.2143955989375526	1.653141537972733	3.3340136124440427	2.479780219066461	0.2534403283051926	-1.4498421677471929	-1.8868788245464017	-1.4733297109009311	-0.33139090261937176	-0.4202891755395578
1.2613424034243004	1.6804031600483895	3.488018702023561	3.002204137146681	0.09348289537849164	-1.7140369951051357	-1.8460673700008599	-1.6312113758666247	-0.3477263266969935	-0.3627297563687153
0.7973537418552483	1.4812344853242214	3.1118849652936866	2.4599639615159736	0.14792739707212366	-1.6646046298689523	-2.257035557856195	-1.8933499062630534	-0.6767007591928131	-0.45472923805499993
0.6013472305046025	1.6520973308944966	2.8836552024919735	2.3955968945761312	0.3613475234127438	-1.464541986381933	-2.8836414930306256	-1.69841945286143	-0.5514636770640496	-0.5058699288108237
0.2354570245621232	1.3568584437699696	2.6138429908404737	2.004373624046711	0.5834655040392847	-1.2992935739475178	-2.1661000038676717	-0.9379736189148205	-0.44763690829177905	-0.2162319050087177
0.33384464214112575	1.4420265417859672	2.417132734204373	1.9993507818480765	0.598476267814593	-1.5363878133477828	-2.4428005894585643	-1.0669891987661602	-0.42679411156533786	-0.04622423297674849
0.035175324492601745	2.104929977100854	3.4896750090745767	2.720368610417823	0.08031846725246006	-2.0140440656038296	-2.7406359132548963	-1.661507596293233	-0.2987924168523024	-0.23142832185971057
-0.05454928626782293	1.966174800432819	3.327616847245225	2.689982076011719	0.0953050535416812	-2.101467782728423	-2.731678963694723	-1.603399187125658	-0.09596599857916838	-0.3841040271571313
-0.015969613846700016	1.8729573672488788	3.615655825473684	2.4334579540095294	-0.13287273174453676	-2.209000196633597	-3.148946472150254	-1.9144050308720877	0.12587633127996392	0.23062087538008413
-0.10020726714767725	1.818503572679565	3.369708595197083	2.4904326087901927	0.2509979674272381	-2.1662103929236007	-2.7933155339121143	-1.8356587157348863	-0.13506060164647157	0.0292502472414424
0.7872818430889164	2.133209449374176	3.7413840810867613	2.5295308005386135	0.2710638828952166	-1.9811165376847264	-2.7179439855276315	-1.2680409989751524	-0.10769378991090492	0.12277201091021445
0.9328473455324088	2.092884733418199	3.1559567288008745	2.227033424837699	0.16493666390059486	-2.0290185384471764	-2.583447276280114	-1.527430260245848	-0.41655698749338066	0.17630245213085383
1.0153994557225123	2.038073413958698	3.391073037235087	2.8852841509318883	0.655598166709493	-1.6628124802049788	-2.3676452272942705	-1.545433555564936	-0.718203462888607	0.01837421168725112
1.139507652267705	1.979091615107823	3.678715816271694	3.0991752701249884	0.2949287206370458	-2.1442326812827193	-3.249744075697759	-2.00954868274531	-0.7498831059234946	0.0778648639314529
1.006924455043222	1.791016693953419	3.0733159856876453	2.8273334692863843	0.15611302020062207	-2.1021875299527135	-2.7172090835175267	-1.637013140613007	-0.24772566060247592	0.14051593721317038
1.3262784980473352	1.3239450766398653	2.277315395331189	1.9755068050347135	-0.19869362892377818	-1.979706459344532	-1.8192710812009862	-1.047268772826036	0.18714812151574656	0.6325223331841191
1.939298126380891	1.312064700846013	2.9697076292722104	2.4798517866918277	0.35921146405328264	-1.5706969250939666	-2.164070026476895	-1.0399748505256272	-0.06514897800194652	0.10266628266405475
1.5466562929732504	1.538228890086184	2.6224703621441625	2.635826742712476	0.2936811334462033	-1.3870603654900056	-2.4724666047037167	-1.6359811221630842	-0.4319494484564578	-0.27942712781015877
1.4252210264887148	1.6575152480847515	2.815407486212209	2.580530200488544	0.2178305146860671	-1.42141155923425	-2.296979586421848	-1.419166658478936	-0.2312189492691286	0.043075982050797545
0.576403634045624	1.245035238301921	2.3655352673702086	1.9959522862257846	-0.0037619949443200573	-1.5297634541381981	-2.1119038510754327	-1.039318137250104	-0.04809286050997441	-0.0829834334169352
0.37485545915242735	2.02183627839376	3.249360018473598	2.2597000741756728	-0.31260530158201316	-1.743839978798147	-2.444676118263047	-0.9584208781015339	0.026157485449282786	-0.12070195400126213
0.6014138953126216	1.443592923029052	2.8091332537082665	2.397254931920531	0.08846344523215671	-2.0466494236606123	-3.029627211047034	-1.0298545848809761	-0.32115140730258174	-0.3068707467132552
0.7308094283173194	2.3301969344842126	3.609396833782135	2.5180848992052436	0.03678957603169797	-1.984419045987563	-2.7726059350097176	-0.836165727910712	-0.3150186460231688	-0.3587910473771222
0.5585216993189496	1.1595887183206157	2.048889473304258	1.9626388994664528	0.4231456223243947	-1.307734243137228	-1.2767621153390514	-0.44930526318632746	-0.09831991822333055	-0.27273126346664894
0.43630061226243494	1.2950647247657885	2.3623102860453784	2.348668027940934	0.5334510977410077	-1.2950192399889318	-1.5491833237156492	-1.0129757090491847	-0.37608524347699435	-0.17287489624458036
1.0039241629215074	1.2081213543172908	2.5831177980357207	2.3129831467096036	0.3713694702415784	-1.322510978579515	-1.9052369311039015	-1.695708098512983	-0.4755871089412703	-0.19214544723578125
0.7365716345701269	1.2634925371233616	2.768947254670694	2.50821843123966	0.4836006136238329	-1.423113648638656	-2.3798188627844685	-0.8216171345303176	0.08823026615291751	-0.19398998386529687
0.6165343457604994	1.3426790457852962	2.768486423272827	2.8627995560152852	0.3897120213027581	-1.9985195562718494	-2.585172050236296	-1.2184548917620537	0.2740583453743864	0.08121972690906915
1.2555921309519773	2.1193866049739554	3.668293642845331	3.097945285923818	0.3258280348823991	-1.718755003510097	-2.725977868832871	-1.1450249622152726	-0.10253549421223668	-0.3648209583960152
1.504704289472344	1.6285666379576647	3.0831959103607707	2.643951721523993	0.7301015008142151	-1.348759958164353	-1.9061223434376224	-0.8985212885242249	-0.14972879514795176	-0.25437443275624144
1.0056489978689178	1.425931044503995	2.584383315836911	2.4385712098392514	0.414235719822689	-1.5477285295224505	-1.9549887180749572	-1.4069584348304853	-0.28135026077114905	0.017721187583632225
0.3827187078542075	1.834172176785488	3.3996573577049047	2.3385558122023276	0.3976536692221679	-1.4452538606103054	-2.4506881188963763	-1.1433445403891183	0.05484671277438996	0.14169045210689812
0.850465578434787	2.249602898276208	4.051422459310939	2.921049561112662	0.16654250323898168	-2.1258351873229353	-3.3842539887659555	-1.9726369503751129	-0.6007939514447209	-0.4646900617355517
0.39143617382394047	2.300447400381119	3.7189907087089047	2.6573849301955144	0.066280350496439	-1.992701545593779	-3.248878459664638	-1.5141656347365977	-0.30276814205508	-0.3952613570634468
0.49623329069073757	1.5501557525665364	2.4578099079517575	2.3050373145028096	0.4145896968555437	-1.4825697018326132	-1.9152550503173364	-0.9044318855371867	0.028546301613387726	-0.2232419225756199
0.8446298221285242	1.350117225454625	1.699480024714502	1.600816284745408	0.38976316630388486	-0.9444536832305114	-1.235488043662794	-0.8665039446769329	-0.22865568390988794	-0.21541009199430566
0.9158585955993743	2.065344593108131	2.281462013949237	2.1456614106256806	0.21839469466593991	-1.3257815845152745	-1.7008986294098114	-0.997762945651748	-0.30080612377199345	-0.12114804112490118
0.9187130383418359	1.6597957875724045	2.0982066090033773	2.0792393824373225	0.20161765532419218	-1.4298909241298123	-1.6582574291596752	-1.3857406725765067	-0.45991852626602847	-0.3496026564133047
0.701533013370556	1.5651602069946737	2.013255741363188	2.2450471454951044	0.2622120940941984	-1.6107336262027163	-2.403697505811865	-1.5390854406098937	-0.31857060300698353	-0.09842445546771028
1.410683808616792	2.139048728077804	2.883987102352889	2.5089656497054498	0.38659824676629734	-1.8249933588359106	-2.5507985377853832	-1.6366306390001781	-0.16192720833289015	0.11003272699482791
1.5305095257345678	2.177360444789363	2.9740617594056036	2.8203292423450677	0.49638875251534575	-1.7276538249772269	-2.66432737010741	-1.486568833119237	-0.038400511838422496	0.13685003010768326
0.5634311031996244	2.7528136336026248	3.126666604594713	2.2748122561272828	0.5246747651782759	-1.2540722197124903	-2.1486896144809484	-1.3139297838956505	-0.33767696863378505	-0.20616299576640296
0.7229076691447905	2.0294236859259454	2.5695584919157186	2.3337030968714494	0.8241091036361692	-1.433376470914876	-1.9819503479849854	-1.4733790002645757	-0.8678963197896565	-0.5212255349636332
1.0074019575768371	2.1989573468577635	3.1681424849285365	2.303385738529876	0.474362257624533	-1.6418144413144853	-2.491036016603714	-1.7567416077541125	-0.8076641930685928	-0.6381874018106609
0.29661165454780725	2.0349379376201884	2.9701135466191344	2.297327892185515	0.3732043836852368	-1.799071760060295	-2.69521437609361	-2.0997901598354014	-0.6214415186091434	-0.3734733389038284
0.9135054215458923	2.2442411301564973	3.649005491853394	2.8731844310373944	1.1773386096478073	-1.3748981321145068	-2.9103049510283583	-1.7230409075422939	-0.8077871227223402	-0.13709383905549322
0.837304947200309	2.942060510423771	4.203191173045608	3.1996410041118564	1.003416408095902	-1.8751055859241965	-3.6174484530266646	-1.8674305349161489	-0.9207548370790457	-0.0004474642603547463
0.42512741808268667	2.2715967865352984	3.888491755233129	2.8304845866575628	0.7357454492820189	-1.8758152661367895	-2.7709497663550273	-1.843133514685759	-1.0739075745944364	0.04465126048175122
