0.1672237889513254	-0.0547333159137505	-0.04519164892013022	0.1515837340741446	-0.42256368762799046	0.18065585651643437	0.27184872681809763	-0.4558950861080139	0.4067782891873052	0.11498666708140426
-0.03478146510508251	-0.0041386772182347015	-0.44190736360239197	-0.18007266001313216	-0.46742961837488306	0.08732866845738062	0.009382942266564887	-0.482712151548127	0.17273527121732146	0.27127975481447586
-0.2073765701718531	0.19278430263127266	-0.2759559010805793	-0.5200659847560968	-0.49726974153725445	0.14632109430047377	-0.0525916061331633	-0.2095865178541651	-0.049253857151404734	0.09845769488781003
0.06023860459598271	0.27840751728366797	-0.26880690032152293	-0.4274869538442154	-0.4960036149483736	0.12466815340782195	0.1170758463164602	-0.40963954166358996	-0.10164165694887203	0.1808511307288545
0.08916301512699318	0.4653553113105036	-0.13083668813041827	-0.3632106952256988	-0.6557754688385468	-0.019938029939853413	0.11606431439512598	-0.5364796433463874	-0.33450412294039383	0.25306293738314484
-0.0044244737170945625	0.16384080858299865	-0.2845202648875559	-0.37704256913482487	-0.548940525833066	-0.014903100373890012	-0.25093942873699804	-0.28850186830101743	-0.4361464497312101	0.3704674714336507
0.11264973473171075	0.1461305718198552	0.018604555347639495	-0.4950245757327475	-0.45393264402821765	0.08289337156218077	-0.07663980875539547	-0.37561995361473266	-0.25855510033462703	0.3433918208960657
0.13113868739877957	-0.044645201679245516	0.2612282719897589	-0.5678102210385554	-0.45710870857123787	-0.06487549376109256	-0.3466969618385174	-0.5104343961319788	0.12273731659346959	0.24585609675598402
0.2730311527167162	0.0270402816094351	0.10379399253821514	-0.603742655581195	-0.3309803488694273	-0.17657553285349412	-0.5232786242186784	-0.3767012044810968	-0.31035035595671107	0.054265824802075535
0.27217309776374743	0.09697302021843598	-0.3849835968010406	-0.49986991745783604	-0.48165066229760306	-0.2635344917349718	-0.5494086937665592	-0.2904759914740554	-0.2593078893796555	0.08079863218431342
0.21642259427472813	0.12476630207093911	-0.22930148564843536	-0.5383420337473006	-0.704468096975645	0.07546264762724741	-0.4288737674219762	-0.24795705921304068	-0.6317352720518473	0.0972137849043157
-0.004208437558402889	0.5938695247313791	-0.3722023453991764	-0.22393794767199904	-0.4253256445046076	-0.007393642577484358	-0.4694408276061855	-0.18654243639010026	-0.29641373434749585	0.014288925834715652
-0.16487878754923826	0.47921317445381717	-0.35053325956437825	-0.5435665304950973	-0.4051446104110922	0.21535526833490026	-0.12189851556296616	-0.1613671497250991	-0.39029681299454727	0.2793696950881286
-0.07666384687519362	0.43316713436182014	-0.4446860915932811	-0.3249421210443013	-0.09018398784387471	0.15618274249378217	-0.4234127096541144	-0.09232139970993773	-0.47030061999438044	0.08777572811859999
0.19375130097503857	0.471607677950317	-0.7879828877227386	-0.37325625823140196	-0.27408592277101723	0.10800558393462317	-0.5262979404261299	-0.43512035776140034	-0.23099185497162233	-0.10040922565644123
0.2649494013912392	0.21815052625282239	-0.8794151205689684	-0.46967965917582877	-0.6860001948334804	0.12668199097103153	-0.32419456720792306	-0.2525048866527831	-0.16373369285460293	-0.2454138162606728
0.1164926317631664	0.4274168976631496	-0.6694116580860485	-0.698750284056099	-0.6434202809666392	-0.058005464422718894	0.09203542292182254	-0.4313007372249936	-0.22098116517751254	-0.09794231346094195
0.1878727432283082	0.4707623377751542	-0.5829278843521444	-0.46826634157201796	-0.7608692060539565	-0.2045899415102739	0.12596051528835364	-0.5483835122347518	-0.042038858112341926	-0.1948234067624489
0.12610529729043965	0.7023704082417331	-0.10678477175212853	-0.47027966436316176	-0.6268500123901225	-0.07524018464273624	0.24867649263754843	-0.4674336883871443	-0.1877689432166096	-0.05437863654727476
0.4302543561350022	0.5710084960429684	0.02476042606936943	-0.7398540763231549	-0.6039625000217206	-0.12438952566569877	-0.13843070488863918	-0.639624133792201	-0.40863623116999814	-0.1106029927854795
0.3633825700376857	0.4203058914093796	-0.11646104430655974	-0.5476000060896289	-0.6625688795043287	-0.24668172173913144	-0.031407691997632645	-0.7287846971534365	-0.18027149506111192	-0.5215361502312216
0.5575002429901945	0.6807319958201378	-0.3380309567194485	-0.3684560235019898	-0.4462699218067844	-0.17862265461173926	-0.23839565815516056	-0.7162154838957775	-0.15827406561436191	-0.48794435635753747
0.6539918193644869	0.4591857912818791	-0.24368201359647718	-0.49267781813385736	-0.5391104215842144	-0.23143063826492907	-0.2475273476881366	-0.37497850627628704	0.07657069823728291	-0.5365859747132767
0.888272413943378	0.04387030038451817	-0.07154907941772273	-0.7002187218943342	-0.39160333698727023	0.18007845970574318	0.07979704983195646	-0.17101150925246808	-0.007605043445460619	-0.34539338441159884
0.8779286040956721	-0.0017762157929748085	0.13481118581254597	-0.6570557219144672	-0.6998166065634737	-0.05221666195944322	-0.06156176552529155	-0.04694566096483775	-0.25931106030167905	-0.31045007705832406
0.8009205514500277	0.038432026483317755	0.40199632570874005	-0.5121346417349892	-0.536916801335739	-0.13138864874010048	0.08630829115488992	-0.1477944081845735	0.07263800131710679	-0.37620029915452446
0.5126621018064895	0.10604929336934422	0.16464650866765165	-0.1570709352787077	-0.40806228848697856	-0.06832470570542423	0.27153283898176983	-0.6221139767398007	0.23391670902295025	-0.11374587629440841
0.4326280734812721	0.15201295140002194	-0.13191040056657097	0.12408885643851164	-0.27215458248925284	0.020240490499849953	0.5482814805336569	-0.3755556617991383	0.0627407766270833	-0.3637170700064021
0.7200205468082181	0.3515609448265057	-0.24940124884630085	0.21635212631608622	-0.551676232698301	-0.21576058266976023	0.39967063865443875	-0.18523878391043513	0.04593115172377412	-0.4184094952667824
0.5049312461291597	0.4525609441362222	-0.18774594798953478	-0.021564008754223846	-0.5089135920089837	-0.012054963415355224	0.5059604036696269	-0.03062863301165597	0.22987630811795176	-0.29648831841773854
0.7860733108102682	0.46293779358088033	-0.3125365336371807	0.017172116733493205	-0.30132351168259275	0.22247630958223605	0.3582095424538288	-0.05422414839161285	0.3033926687015974	-0.3613905315186226
0.5702271771756567	0.3974815602685888	-0.20539176614298732	-0.15230814457961953	-0.39840963984348937	0.23446988814104547	0.3258811443495605	0.029498600170691752	0.4292100853923533	-0.2464434867667471
0.7383148433784716	0.7088073129359909	0.10768240324481226	-0.0926591512010449	-0.339896630471387	0.16040287676461717	0.09630347237058517	0.014112224232437924	0.12570967662057603	-0.08828189170007558
0.6827807265847282	0.5898587138618729	0.136401398500812	-0.14095426006033063	-0.5466212743042149	0.09538390109952476	-0.04326969770333333	0.15722129493421413	0.07980189268383778	-0.06976941810717052
0.778180818395356	0.3427207446385278	-0.08633474860503351	-0.018122129154495653	-0.21245208672948757	0.13375509271248082	-0.108276947835308	0.28746106334218036	-0.11631891751744905	-0.2740563954863877
0.7913355222032407	0.36568316910958937	-0.04385665663652539	0.015271715862949231	-0.2867367668804093	-0.14612615490734787	-0.37448636387692097	0.0335778990944684	-0.477221843858347	-0.24011596143282754
0.6539015170688596	0.45717176890790534	-0.02529720076217787	0.044290368915970435	-0.4607662478228425	-0.08833037768913962	0.03688116882546999	0.08725320767817803	-0.4139448525221183	-0.2312602110412928
0.24351013657485526	0.5483838223945053	-0.11127622823062369	0.021298779609680116	-0.3704781704240137	0.24388493040602496	0.007411257090356782	0.35073442502253493	-0.25712579008758385	0.000679808035756041
0.786990121336159	0.07854790588645683	-0.20377225484508976	-0.040349139354021527	-0.37034652929483897	0.13162791749602543	-0.14780289278819375	0.44502266694253195	-0.2163038630998296	0.037341837929867845
0.6026139611344286	0.2482488344830974	-0.29890541074728905	0.07442924667901143	-0.3276909602960275	-0.042273996094790656	0.24150832032055386	0.38221380820830925	-0.19235276051802525	0.07119943157037803
0.5089476552810924	-0.09662629282115884	-0.22896986242113462	-0.14341601032323506	-0.2958379622945518	-0.016941063314884434	0.0935068159620338	0.40137366874623814	0.11953276440273392	0.13544041213420066
0.2883534650673892	-0.1938973180024933	-0.021740092976685832	-0.17563353193998724	-0.28623656113231916	-0.10221660539573364	-0.0458789236224523	0.1647591636163741	0.2546528181772869	0.30346387960434373
0.49795112227058685	-0.18818886046642275	-0.16954396467364122	-0.1494774537833682	-0.24654150839372888	-0.0948310136289001	-0.2665210902900345	0.07126894845397379	0.3262863151212688	-0.05625296966374038
0.11858281142716082	-0.17174597575251888	-0.18288393038746753	-0.14562063066902944	-0.5327979713341242	-0.2076815154048382	-0.022176354686233912	-0.05827270801744798	0.1285171374532469	-0.25542653597615217
0.4473481798835635	-0.14889338878424807	-0.007196828208744732	-0.24078515719502624	-0.6986822022299446	0.06474618793057962	0.3085158051844323	0.21406252394106629	0.2109845795522009	-0.03735115037780834
0.4588798097538244	0.060787114714229235	0.029104564917564038	-0.18319348198714136	-0.7265879007533078	0.08347379464596755	0.32162956565728235	0.1450008232242295	-0.2796665427180839	-0.07543858549747823
0.22783041851160163	0.2534054002663638	-0.2606080439792258	-0.2726096308728355	-0.5807828931611969	-0.005792390303878209	0.46522456807403456	-0.08870911104705317	-0.01567608919977992	0.14449133372831868
0.47147996158152733	0.15210993585511212	-0.5416631937420872	-0.06187223416807383	-0.25266771684901823	0.160196456486675	0.418176512620179	-0.04808580072697063	-0.3411293537095033	0.12332764636623528
0.6566028680492271	0.11710543630563892	-0.09873158684185857	-0.31235701801547666	-0.28256336259401965	-0.031051510003034993	0.48373163163799965	-0.07432390281073198	-0.23546938607602935	0.12791261964009004
0.7519239878585784	0.02030299009865405	-0.29390926420602204	0.01971221651921229	-0.1837924493538301	-0.3431953543535684	0.3646570052152243	0.051923608908924446	-0.25515328900199524	0.3038692514255827
0.9756924842153094	-0.0322336846139583	-0.25126213051147045	0.07873564819475759	-0.5303542692196601	-0.33115071174402777	0.12972299676814503	-0.02391688408023207	-0.36321062407118954	0.2174758143452376
0.7387707668409276	-0.15007873616155537	-0.21692003902272927	0.17329254537377314	-0.6173373160830339	-0.4893989456414916	-0.04543328624490439	-0.1144714787540264	-0.7130442064559908	0.3394940650319499
0.4655099788133249	0.05328419603362747	-0.3917031802933205	0.24048988873181631	-0.6374194211691252	-0.5919174990590749	-0.12463772456143939	-0.1561771509241825	-0.4720487205910787	0.5647793311092502
0.6177212081447936	-0.23360565148950194	-0.39102558912047447	0.15433806250663265	-0.6704800027365576	-0.5067110994235742	-0.1376679600576113	-0.11712897888803579	-0.4833314383138211	0.33369222781992924
0.5676674609338331	0.27675897311556386	-0.12329042130893098	0.04263586568407578	-0.5580416485921376	-0.487968470221076	-0.11545846217996039	0.16838722063557598	-0.6860919418535132	0.5160396243045211
0.7304158376761809	0.16835740183328352	-0.48231398632336225	0.283697291953042	-0.5067673486394164	-0.2245138435813766	-0.12028549299399946	0.052753619098668866	-0.5629460583984901	0.1923678276012859
0.5742611804652755	0.3995016129970341	-0.41567080024369185	0.09908444352060683	-0.5805907478480731	0.30242270690791706	-0.12557132826410466	0.05398933634017129	-0.6416550817403655	0.32817627172494274
0.5277268177354258	0.4716231671006569	-0.5251785584567062	0.14555943633961493	-0.7728289644812417	0.3143472045356143	0.06533312817318931	0.056906509888036944	-0.30496681648365054	0.4906389907828825
0.5437566167828977	0.24450077325716432	-0.052911520703401604	0.3476364437032143	-0.8127541537211224	0.4980992848409716	-0.22513911124721148	-0.010595515859919927	-0.4440585650547896	0.3159447326518346
0.39312064357075893	0.1758473518286085	-0.21456087004536858	0.37638068900809174	-0.5525159274947333	0.33534221197962377	-0.18495437439804469	0.17919144300216572	-0.21361570270220717	0.6361352535555478
0.072364997886817	0.12016884180498504	-0.36834636091129935	-0.041269629178995515	-0.49300173408753917	0.4901790722593025	-0.23530133210900972	0.11660441883207301	-0.19410977945385788	0.5039780159976648
0.2096016931046174	0.21291832656557097	-0.5041443480226072	0.33006044241533833	-0.4734422453899355	0.12095431572836202	-0.16832755385523088	0.3046408498511292	-0.41982824573921784	0.1565493792668251
0.03846429736785334	0.6647386669757416	-0.4960074600765779	0.2557151834531719	-0.5377790331174652	-0.01980067583152012	0.0004381017050482938	-0.3061857064672871	-0.4590737439274859	0.35672738588857816
0.24018879997282513	0.46801944320406563	-0.4884187408205059	0.08396014484760672	-0.5557305225082967	0.1329284888180584	-0.10020274485493749	-0.03496323669801327	-0.3007053552571688	0.2820846066452093
0.6662519084976795	0.4437765805017568	-0.40960270838356083	0.0025907868605152262	-0.6647601520135302	0.29626136553512905	-0.06844375015958995	0.0395452553193186	-0.3089856194007283	0.23096726989984903
0.7358039677073867	0.3211887961697456	-0.0722769144926535	-0.10323787990650282	-0.3746826942851526	0.19686816159630516	-0.1718471419236477	-0.21657668695505397	-0.41346725165237896	0.5958514887514457
0.5756608996668104	0.2687350369668744	0.3372219256144128	0.007220162667694846	-0.6071529988029709	0.16527245551338063	0.09785504176392901	-0.15433920139371549	-0.10583045011482373	0.5979329657308371
0.4860872441854221	0.178877879817061	0.3610367542727356	0.18535322216904648	-0.47011451804930565	0.07608725796486915	0.14375917094650104	-0.24490005617086996	-0.36444469866552465	0.6155232303706873
0.5284171719874589	0.15948773802539834	-0.4232448177410525	0.1620964382027135	-0.5576192372413962	0.25775291905080133	0.08556204861071709	0.010183255304667127	-0.7562539864593585	0.28364058789080226
0.5371072774727853	0.2105232106143756	-0.44911877350643314	0.17411422191210765	-0.43540914355708965	0.02300515900344796	0.3610893363037584	-0.39033909615746665	-0.6792931206245415	0.2102187670769496
0.3532583073611649	0.32146220456370267	-0.5376520487249915	0.25829058172409797	-0.3258261170536492	0.30192335531117853	0.208515856662341	-0.35168877372368895	-0.5528821647073366	0.34071568812109976
0.5927152646334983	0.32519297944296477	0.15965338245273464	-0.06613764040342901	-0.5799293821081573	0.10778705498779423	0.28758187087006815	-0.321197006560073	-0.8331122742761798	0.3051411335404197
0.6160551517227586	0.2531442013057186	0.07457572228453761	-0.04961284128243512	-0.1527787619788188	0.21656110019941624	-0.00922440700864241	-0.13231002819395873	-0.5907940855592643	-0.17276848537803985
0.6037298806665121	0.4826592282406722	-0.19276067305663874	0.17663506525604558	-0.29997323552361443	0.038935937587322805	-0.1983143457567211	-0.22624597781481573	-0.6801875530748316	-0.11329574296042912
0.656754170745572	0.4620534836921252	-0.12516777043044272	0.2987171405316885	-0.5450727387957853	-0.055173196143904354	-0.4500743541782152	-0.2422717647950344	-0.43150891083153103	-0.3061438100728725
0.6517708597835938	0.16196226535318842	-0.10648005914001471	0.15265925299953004	-0.6330068524407465	-0.1309430102160219	-0.39313735928788685	-0.18374399156762733	-0.1609022530939611	-0.22744577159160875
0.8028806775273521	0.10612404896592449	-0.021522628510805122	0.20132030400631268	-0.6590222945121789	-0.472063103855461	-0.308258584751367	-0.09797778336490466	-0.2475639782564979	-0.09932304563224431
0.9874527532303321	-0.047806874669235125	-0.7231666892737576	0.10863527810726742	-0.7035440613191376	-0.232856456934321	-0.3113475984096032	0.23579188157543102	-0.4248140974923894	-0.0898807713650657
0.8580097467596725	-0.20033969947641594	-0.23362268363715105	0.30318621843536375	-0.9328452603752242	-0.502101812095958	-0.19042392543971365	0.1946459116035459	-0.41065314548817555	0.006611866647496578
0.7572031710874674	-0.02194233001896792	-0.26146161761344283	0.030015543304667158	-0.9725724049962708	-0.3926636977544063	-0.36242629635282975	0.1775721341777195	-0.2725729562419284	-0.21754205068638927
0.7708392552369331	0.22220997283992122	-0.5924891152131946	0.16260458918639042	-0.8092968784654587	-0.4197726683732689	-0.41603661734830066	0.014330490780045058	-0.2614787481151518	-0.2738426853032957
0.7541456330509386	0.3923353000775291	-0.36719517265117924	-0.017296467839632207	-0.9639079818417837	-0.43896009882718107	0.04798341081596763	0.029406028213294487	-0.05699304199735894	-0.13861859534703158
0.9773435199215335	0.38222958441061905	-0.29622275044459395	-0.06971552410563972	-0.820191408877763	-0.25314707498443545	0.1822175895167473	-0.28536480941743947	-0.14298934404694819	-0.21538221911996108
0.6281770494403014	0.3120030341547352	-0.03804218251706598	-0.2033009475078986	-1.144009178127793	0.02885406655828382	-0.0017930397165750733	-0.4046243486959532	-0.2676078924041851	-0.038368880885763984
0.45859184445901263	0.4407682573829043	0.1853661835232488	-0.17920317565854443	-0.8597694643292438	-0.0642669436754242	-0.04484244228595577	-0.14215871644993489	-0.37018374820393213	0.04445358991204848
0.43810609751704294	0.7338975084303988	-0.0019907495800591257	-0.025587796601657248	-0.5649751468844584	-0.0059666694675898635	0.025322579690286368	-0.2608653150289717	-0.34544386548493133	-0.004987977819892617
0.9803347901555526	0.5214810736166386	-0.09946888535592072	-0.09084686178539514	-0.5732031707816843	-0.10969809633940182	0.04241687825229229	-0.21793488577456305	-0.09033180203716451	0.06918125322213431
0.8058409537499736	0.6720725377382022	-0.229765768014471	-0.06078152850031334	-0.2718132970560769	0.03973060530801999	-0.003510487329019603	0.04807573273391291	-0.549647114715713	0.03663086061950685
0.6266850956288503	0.3966814561359284	0.06291106806788435	-0.14387616105552523	-0.4225998502446767	0.3977927347887888	-0.14669439632195616	-0.09166563951061762	-0.6366780519868774	-0.03131615477917582
0.603610480288087	0.4284636175203395	0.4842048806110323	-0.19824046209438423	-0.32413363926292826	0.4132664154489174	-0.1627034360673928	-0.1565964731425728	-0.19522901426242106	0.10732890556169553
0.4221628489389232	0.3444829687422803	0.1844524117064743	-0.39445260829478457	-0.35289233292419325	0.37936024550494407	-0.13194055575312105	0.0025232565317111766	-0.3206365045866989	0.24798834579346066
0.2922442175510147	0.177188898992376	-0.1645591266839817	-0.3352277844003459	-0.5989509044079617	0.06428156745421332	-0.21167877469148746	-0.05336451572956846	-0.19785874805944592	0.5241353553602308
0.4908162317387604	0.5042431107187648	-0.009905133284367734	-0.5158995951754058	-0.5467054333911101	0.16699882906289754	-0.5621020647961122	0.046820016839006634	-0.2917806405366605	0.5200584842331415
0.3506665865645469	0.7298633892907627	-0.418535387081131	-0.5342556409471042	-0.6585697342996233	0.06867417276888546	-0.1850758051550907	-0.15411231172753062	-0.060792220949452136	0.5495487980220122
0.15016337218864823	0.6216801363538418	-0.5128707598232343	-0.20707506030739925	-0.7574199169892993	-0.055419445031617554	-0.13470267355572277	-0.4589224570491698	0.3447999482310121	0.21799032716266975
0.44185689639212283	0.6552061577404845	-0.052203730249308744	-0.05860901516259684	-0.7655743593237111	-0.3757992468913866	-0.15949200353620635	-0.648996584474796	0.20085761730310112	-0.15320105567900744
0.534685486759998	0.9677534412547337	0.09414002177615943	-0.004817880867525923	-0.5117867239540164	-0.22111621990566085	-0.11235320792838471	-0.38323970281035885	0.23662089565700334	-0.5447569702297023
0.514915614651093	1.089457353914288	0.161870061731162	-0.21622142532527017	-0.35465500838405006	0.11004506838515968	0.07584902529438003	-0.3618924464068172	0.3420413335501601	-0.4007592196286739
0.5358248521215131	1.0834286111001015	0.075539136502969	-0.11290629023928031	-0.28799648986562004	0.08188556562902509	0.1756743974266602	-0.4583230202836598	0.2332415542962774	-0.13598030962266328
0.4427571605075612	0.7146337799154756	0.2664064193784115	-0.042650279381116096	-0.5587691877045151	0.015451226308741961	0.3986491156760179	-0.016667174836500764	0.3202488144394361	0.024390926670459945
0.505025726750626	0.6417281818034919	0.08678785123644972	-0.16542118003991985	-0.3122500607006118	-0.03104566974808356	0.7772940429111697	0.048003883475152526	0.14437630132027024	0.07083475723395427
0.3548152598758956	0.403660136876208	-0.09700040739878996	-0.1663136957603383	-0.5979490680088078	0.008771499547261231	0.8493482387830477	0.17369850326847686	-0.13456352202552224	-0.09816619665752138
0.24078083377112489	0.5369325339801813	-0.026124517827562935	0.12616487608246182	-0.31028224475568833	-0.00505473866269799	0.5711665262620762	-0.04771587539403219	0.2878480273867328	-0.281955422798024
0.2849875694139308	0.30424764717750363	0.148705553539821	0.11522376741898892	-0.31576976912616256	-0.0004811980980900521	0.529492589211937	-0.1395235589636324	0.28455830835686535	-0.2872859185182384
0.581596012464041	0.1906181601579318	0.2099492074991048	-0.17794145877777096	-0.6505125045747799	0.2507668825984597	0.31770442158569645	-0.08430393959875931	-0.13493680709023326	-0.3527512190233354
0.7541550430363977	0.11107273948468521	0.07423441032308853	-0.4242522728474111	-0.6588504465863787	0.11915679046194619	0.10814223876862061	-0.05513038830055413	-0.13435226666898173	-0.25505705615702523
0.6107310261427511	0.2649041010190534	-0.1606924589174942	-0.21095993162673604	-0.7428266212828403	0.0797074903300041	-0.033242374015960335	-0.040441353874015866	-0.10911498478074902	-0.09574290914586714
0.5201132684054752	0.15153913564967644	-0.17452338799656678	-0.10891285640543874	-0.4323527236182805	0.17439843915308564	0.10222361425065465	-0.19355309247575214	-0.08126094356554699	-0.24549509277717868
0.43647441423449	0.4583694541519403	-0.3007915818335466	-0.13053642523779524	-0.446587667464703	-0.1441007791250111	0.032841872995746035	-0.3636010998996638	0.03382024973662989	0.1497886546505982
0.42446564312389046	0.2867347759510199	-0.027818071860899574	-0.06165514569726775	-0.5305452056690485	0.17831728672981603	-0.02440958631677541	-0.062352987976195706	0.27984593913228883	0.25776813157534917
0.43337630393610516	0.41991298030880375	0.012048394085602876	0.07725633196860636	-0.5643959363730149	0.41661647329160767	-0.18035505345294206	-0.10179120316916124	0.19159379071069715	0.25582890980367917
0.41656104739987365	0.5269739471937788	-0.040389071314893374	0.17770414864762157	-0.5953729152812789	0.6463050379534869	0.08714537520162002	-0.16319136045657556	0.06905767492209061	0.3880918130951323
0.5922703782781531	0.3352380562033622	0.020575275426621603	0.0818743750092702	-0.5353670541199371	0.5904573789799473	-0.00481027926114172	-0.332955280548435	-0.19166684756976457	0.35626497024183507
0.6837606010138041	0.5601099691635438	0.2753619743927719	0.1652407833952273	-0.5143865713870029	0.5710742704344145	0.009304699475611276	-0.4254839877965153	-0.2665579980564694	0.143292187437592
0.407731353079089	0.6709309070298095	0.3018166351678639	0.29575891893190254	-0.29883998231949566	0.3978325646124311	-0.11235586858474961	-0.5218060801940333	-0.32080764147020563	0.10231326776203314
0.5863524840362898	0.5722107129731119	-0.07943913876701286	0.06570024390866791	-0.5589185942669948	0.45730236041945627	-0.32000396638369405	-0.3097712140602096	-0.1980644556386661	0.1036592073794623
0.5837638205382875	0.5024028449592716	-0.05780207805405636	-0.13210167103831658	-0.7217195242336141	0.4683010863051344	-0.16319523133568822	-0.3025039980893012	-0.11368061283808832	0.23055120052607966
0.5407948423606181	0.412810134601618	0.03193661889487928	-0.02955756852293999	-0.5872674301802495	0.006154212773061107	-0.14771156980026529	-0.2499730533126509	-0.022514469816870677	0.5565355558525352
0.8393577001583982	0.3640519372867994	-0.06689431400579769	-0.018502900367861688	-0.3977590990082458	0.19646821498120878	-0.29055791932372604	0.022752406953605975	0.08125217684510729	0.2931470838573502
0.6602317936732469	0.30776225765980336	-0.21968529860901626	0.2570239935137293	-0.23281663242775694	0.24107880869214188	-0.23047846964408178	-0.13714393879824285	-0.08838707405076045	0.12065549726916347
0.6334825017657382	0.36623287414027617	-0.029163764090013172	0.13657605604001366	-0.1415560997903713	0.04041266725819109	-0.20435083219664438	-0.04679003142308988	-0.345407122424372	0.2903382012433047
0.7151221502968227	0.09750079963386271	-0.0734599426295357	0.12217083635748308	-0.4693670862613777	0.16371489140925805	-0.2708766555071079	-0.038059486946051165	-0.20571081287633525	0.36723543069608494
0.7694412139905111	-0.08436045789561639	-0.38478498844946274	-0.020243539784432024	-0.6041254837910106	-0.21832738616370367	0.2111424715889389	0.10689600272556204	-0.3638120758984971	0.29237086578918725
0.5177562535627087	0.12351414640007	-0.6189769728779135	0.06897014700755869	-0.5579686649664277	0.05501417840739076	0.07406293449481449	0.048506916798164934	-0.6378311240961537	0.11818631784386921
0.44756915582142487	-0.19458519173576885	-0.05159683269118043	-0.14401225406206994	-0.6212250959675265	0.0889209590234292	-0.19680313318163817	-0.0904909769591001	-0.20041890382525052	0.061694605877839565
0.2993416182183447	-0.06645824209525067	0.11509137216402202	-0.05516337050642624	-0.4541377374963063	-0.09262577711804426	-0.2957183016607787	-0.15942525367126867	0.10186746348498521	0.3125011054275777
0.33918589222676737	0.08979122643841025	0.23851404576181634	0.1521428891752195	-0.8686311981939849	0.060214768912820266	-0.0071594787099044654	0.03667444787110105	0.07820399788553402	0.20912007513966177
0.6023117697874762	-0.009524823354678358	-0.08100122112267794	0.14430933069199817	-0.41592482901578937	-0.02454627853081423	-0.030328762162577495	-0.008582968462579957	-0.07091367512180231	0.020264831068710437
0.3871701174075436	0.06367704902052318	-0.17318959415000743	-0.05988777670155071	-0.5416692737167423	-0.020651708884578443	0.2650327980192317	-0.13280680111418353	-0.0031694406454517293	0.21115448448745242
0.7038983942330292	0.12841310095544822	-0.27189555690208156	0.2068198005483839	-0.6173675909100439	-0.16697522652109914	0.23387168859061266	-0.25074219469867576	-0.1906046547555763	0.20001731934514153
0.7584269610722482	0.05795664186107975	0.0019305616701210115	0.07041196847984879	-0.564596974950311	-0.31411883143014907	0.08281155513753816	-0.2689429420799453	-0.05793715715388115	0.09034934097599734
0.6320700400022543	0.33780085158544254	-0.02940739648639719	0.1097800987438578	-0.699844010606494	-0.22270164303469636	0.08885243936853057	-0.3450836099049737	-0.09992442901642039	-0.0399799396780387
0.5943432056323663	0.4389053914523636	-0.0992682193015429	0.08489753437122922	-0.7017689686918038	-0.20939167292316624	-0.011637534918917489	-0.20035377113419814	-0.1293825765616679	0.00337006186580463
0.847596964500624	0.31762672725482755	-0.24117982267035193	-0.005406288342111057	-0.4441126975223993	-0.0902816522114681	0.07530218876452745	0.05352658696184895	-0.511320666832528	-0.013617181736068795
0.6003419373986247	0.23545137537576205	-0.23190771268922622	-0.06420992631980083	-0.14147491214014624	-0.01624122346130251	0.12873015219425898	-0.20857967797767615	-0.3330705020281858	0.11515352834432058
0.49892299121872247	0.38491192771009053	-0.34136933032491	0.1662034048428565	-0.13414093485358175	-0.20389074885049763	-0.08013434120692581	-0.37910407475885616	-0.486758710369438	0.1236555254222412
0.5664188406912589	0.2611787731181191	-0.33109312635370763	0.06876230916876208	-0.16148389088109158	0.09730150068229171	-0.22020544793357835	-0.20954912293546077	-0.1979678615899037	0.27035818486896035
0.8593630640509271	0.1494981361583922	-0.21367412514207865	0.18771604226718402	-0.06335916774956246	-0.056031244306956524	-0.15466553208109152	-0.03242627321408534	-0.2277649846600526	0.22084554982286903
0.9237879734147434	0.32639252791832035	0.042811054833855416	0.09244464631113357	-0.12895208976589356	0.34998765364071005	0.07817108428277633	0.0923303607720427	-0.42515806216526564	0.14583867508282664
0.9620025699150503	0.24811682417102932	-0.10894092348811452	-0.021402054755014832	-0.1206969163462315	0.2780614216659218	-0.14600979779555956	-0.07790690673628155	-0.2501716688996688	0.3017444889960505
0.7609400292940863	0.15508917468989325	0.03834218906125336	-0.11183902711872945	-0.06230750799817551	0.08148903629236695	-0.14262291965037374	-0.31191248274968353	0.061996527188738715	0.4968347334316703
0.8680783715524167	0.13426656755101407	0.04110877161402055	-0.2935096669495566	-0.16301715233064407	0.14574355159250263	-0.05081051019364345	-0.21412876604446818	0.09474107935645822	0.4993243130206775
0.7473826995461895	0.08313781619024868	-0.05534235761400098	-0.35785232271158723	-0.19238342222763366	0.1982876649197667	0.13423235903309977	-0.20328976955763334	0.04421377756099444	0.4657629557836872
0.9875886112861932	0.12594149876495858	-0.19420622409665594	-0.3463597494142521	-0.18684729693069163	0.028104534939306453	-0.06671185350582381	-0.3483405912834755	-0.17454472517375036	0.33438569968865406
0.6723467057420756	0.3105715583238053	0.001822336891690618	-0.41467500097568877	-0.08624171959319062	0.17160680592132857	0.05892646943564864	-0.08603141414875409	-0.28372978178833375	0.14687081826615914
0.6020561373178118	0.01546791362208716	-0.12021579703132973	-0.1775082146540899	-0.1404302267514879	-0.19015370878066387	0.07257532952274257	0.02747988132015483	-0.41600430180525366	-0.006213576026441042
0.436037966908596	0.1643538015605754	-0.2285197779871568	0.031989134770476685	-0.39763583216846055	-0.1277271731716318	0.07209032911771082	-0.1181328265151555	-0.34888468930257666	-0.19581635800342836
0.6837519087813491	0.22677232820633564	-0.1775637339419077	-0.04731736748132857	-0.5387467817511032	0.08129781896068325	-0.09772639070191677	0.152256872431416	-0.16532022769229285	-0.19371192671682375
0.9638735373613174	0.16200388636738236	-0.004965983560490134	-0.03028469432502656	-0.41452896012376184	0.1251586803212496	-0.17958784961211643	0.23860186020011287	-0.33127539813750395	-0.030637312740396522
0.5704146170078035	0.2955913638801493	-0.24242345295054873	0.4863401554350094	-0.5160954000106908	0.013855836742083821	0.04251325953190904	0.3065999596940211	-0.3461289055778812	-0.22341113364995338
0.2781150752442639	0.029530490729678283	0.022828903863745587	0.5987845677848728	-0.5867932263197557	-0.3256731302033077	-0.03954363568595956	-0.10131404656876125	-0.22262395644920469	-0.12011938513950376
0.18305048295537174	0.22795956446424198	-0.15876439916981017	0.4012473648568808	-0.6670389223554102	-0.25904313119249756	-0.07547554161456169	0.12603432500661743	-0.539760678038002	-0.2360372681781612
0.40052080251647443	0.3668414258640716	-0.1288372237107078	0.06468232118305495	-0.19138255875975974	-0.09633343973808228	0.13254327726122175	0.16395016167396587	-0.3730373379149114	-0.10417231743536454
0.7638209254062849	0.28170944143842547	0.12690342655078543	-0.17293909760666634	-0.3867158276091225	-0.09067431147659574	0.3702936143325738	0.06800185787337767	-0.09210067595698906	0.1107171215626021
0.8905304999317611	0.52409120497275	-0.06541311948066778	0.13402651117265998	-0.47002092702211173	-0.09452876745079845	0.17206286594467063	0.00843003540365947	0.05763369442102945	0.003225950571899852
0.6445152220540546	0.42780062974839317	-0.15499566659914854	0.15636359797999533	-0.6041594147496913	-0.09213942435013323	0.0676696571858235	0.03277299474006014	-0.1424949397023727	0.01515579756410154
0.7963309364585163	0.374871589947544	-0.05647405568200141	-0.24020034231495418	-0.44493496877078464	-0.29940217900476673	-0.2500823237543198	0.12808527517446805	-0.3122859406933767	0.19443928920244238
0.8309791738272314	0.04836723377500213	-0.2644267763081718	-0.27221303172837175	-0.5661934620309016	-0.013822836976299602	-0.3161482223843184	0.08682124519783839	-0.30496694487907194	0.16496462523415073
0.6378934914880929	-0.019813246495808456	-0.25692194585545003	-0.27807752299606614	-0.8886808404730631	0.20513949411596522	-0.10478192293778699	-0.023551398424011535	-0.40046360441172457	0.10767492709768324
0.6030883815021278	0.03525952901596144	-0.4022621756906284	-0.3461670228637169	-0.7999359391175606	0.18275729960530335	-0.35586066529344523	-0.142512815557508	-0.251299494117137	0.036464329459837755
0.25779796278897826	0.015453552490991493	-0.7165645960833897	-0.18940712447065117	-0.562368149414245	0.0499705832311747	-0.24556594874986698	-0.30105451809989703	-0.19042585627898012	-0.1560614093592016
0.3473410742602601	-0.02132828162507522	-0.6334275722179552	0.04688751689232534	-0.4116228787509969	-0.21147060937210627	-0.2952114511094745	-0.3405436115293547	-0.21790674739182814	-0.12886264605389336
0.27414447170356043	-0.17315165088917805	-0.3810757021883277	-0.23924972502054215	-0.371757749593397	-0.09506800803120409	-0.11186025795428098	-0.35184825945349235	-0.48170771130605483	0.20017169833555892
0.4827228378584761	-0.3377996757696714	-0.45060680384762325	-0.06822033249390416	-0.5455636114756174	-0.11833973373876777	-0.0031668397556335603	-0.057717468159816265	-0.5231717095243763	-0.11807297191852406
0.19227579376163595	-0.10141868735731602	-0.3455978743484738	-0.13508371856645224	-0.42908198461987895	0.16965567688201272	-0.013682887841018038	-0.16898544564886323	-0.3609068079235103	-0.027038012897165384
0.0922427490744131	0.011987104744286256	-0.19673345186781976	0.1811500653512193	-0.2713416372287518	0.2223574283494621	-0.13784194538141897	-0.09163948041960142	-0.311089121129235	0.002656004318356109
0.46505805605796074	-0.02771625769131998	-0.10433829756823856	0.18430492752523692	-0.3026510468457208	0.22704352354039	-0.07161061980665717	0.054648856057613424	-0.3581061373046412	-0.007220951427245506
0.3866305663502986	0.0109552729186716	-0.14042585724858098	-0.006459394085838455	-0.3557847500219795	0.1801122647160978	0.0884903024630101	0.14330424555258536	-0.4190078736222025	0.2692535826127705
0.34459096216127955	0.010987440131437543	-0.13477303602802948	0.021228813803587144	-0.546238304260455	0.012963296036326122	-0.002490171457029136	-0.3601057328843048	-0.45851914094306423	0.19172442551006652
0.5930866453582038	0.15734032716246077	-0.10391554200709928	0.11035885677492922	-0.5943121616220245	0.1345232855645306	-0.028542899553940092	-0.15323369647960772	-0.10192270243478396	0.10537850095651916
0.41184274370638035	0.2717808805419358	-0.21238680243220065	0.0922777075313649	-0.7186415101645702	0.2957595946865877	0.07812924348566391	-0.22841377919059958	-0.4064035927394658	0.10195426516375665
0.4254231834039229	0.21061807463232082	-0.20605049498780703	0.2000280979199276	-0.798555519574116	0.13058249775451827	0.11656526595484434	-0.2738332662255335	-0.10044782571836047	0.23181991687319442
0.5849582019321545	0.3916412722259621	-0.24495394074056667	0.20807154139407952	-0.682170359177549	0.37919178993200797	0.006451329443389761	-0.36758330997820254	-0.06363881347132148	0.11634062211967848
0.5080080342603559	0.2878074736585977	-0.6094003676105546	0.18684757031418278	-0.6838456287387558	0.17192069908356977	-0.1771114460317521	-0.2568254671494137	-0.21677397189296932	-0.040397612030815835
0.5077358934374071	0.12258422370618055	-0.45069135789689896	0.11004002090993165	-0.7949897785443489	0.07039651337380294	0.22315360090541442	-0.3665507537121045	0.06988487302116281	-0.0251674485351535
0.8944378203012731	0.19771500435133738	-0.20783721197272848	0.03250236954891009	-0.9590600654127507	0.04388026703472031	0.06709691064022186	-0.18123535664596147	-0.14509451762427972	-0.06069058480759368
0.7544673775817607	0.30777653589699705	0.2248460462619522	-0.036690641853875744	-0.9281620752008508	0.3053473065217787	0.14482926050225287	0.021967371281574083	-0.28375755733980046	0.08775315607155174
0.941559250114843	0.3584426065334849	0.2689150611996322	-0.07857876696433636	-0.6807499640019412	0.15188122354187236	0.32944518474898105	-0.07263726528238856	-0.3369188419846568	0.1217345117290109
0.9336317221935541	0.06662081315145923	0.08989391102518379	0.015227768937705666	-0.6786410714109627	-0.2125692138004168	0.09943722492243273	-0.32162699334283473	-0.41725964223236117	0.33296906418758193
0.6185191380021173	0.33610327122511974	-0.06976236450229167	-0.07454030469561951	-0.5229135035697254	0.01797161302423772	0.09078143498235741	-0.13950629119803343	-0.5440995843787646	0.23505721065584118
0.6685299662332356	0.0704003759804071	0.021004588565729926	-0.3027443061452967	-0.667999187432558	0.056722399831609635	-0.11462460563561391	-0.1270697130878234	-0.39751487473564173	0.23107798434533167
0.719862463496671	0.3193989191605218	-0.18680956707262444	-0.15557283260344137	-0.673947918820109	-0.08341984619388758	-0.08573644081998817	-0.36098994330008133	-0.4965574183852632	0.31631870105618665
0.2766268002192383	0.3644089242307901	-0.3221053486191857	-0.10482991525912552	-0.8507030638317803	-0.04505680376615849	0.11929419927390224	-0.2066882065095518	-0.34392801276187757	0.38244474878954493
0.31112899159143204	0.2291972469003717	-0.23198883561165873	-0.27179911332598167	-0.6958252350283596	0.3592039227893926	0.0752002863100084	-0.1974733989530248	-0.1808635559748911	0.46378290479070217
0.3797048800704436	0.4034600320494948	-0.05032018935573221	-0.28994107547335113	-0.4156148992455887	0.4485619503993821	0.10943722693235851	-0.23322127065029713	-0.03726857626952712	0.5625940711769725
0.3896105783251753	0.10224858275649307	0.09851988031116257	-0.214305109277177	-0.5289895760092618	0.4208944784331102	-0.030478271588498432	0.045221089693368466	0.09979299760873861	0.43874006895268586
0.562719113059856	0.17714631739194192	0.051647557175671696	-0.22290240747824655	-0.4205968894025852	0.5130831328661287	0.2709213306304935	0.05131791303835027	-0.1912350789182211	0.5432176498074236
0.41646939201619054	0.009579847810646275	-0.07437831949886171	-0.2484920396419059	-0.41462921800117924	0.5049960121343645	-0.08209087475371457	0.08699151742472258	-0.13949941253687487	0.4012520262754286
0.6313575201318193	0.0006805887437211292	0.18452585534978921	-0.2658668377392445	-0.41642062888305476	0.22563643090475527	0.04094083701816534	-0.21272787578424282	-0.4395805405089368	0.2934259907445884
0.27172051667571506	-0.02810065903129138	0.11137071101103829	-0.165040928600465	-0.45471818398585834	0.2862724006083224	0.1169877949495565	-0.17864934961278778	-0.4579021129483651	0.4265665301897442
0.21580150864391018	0.2026365073622234	0.24929122324266687	-0.21748376545657222	-0.4231053395426423	0.23614370858507197	-0.10164709622247844	-0.01573459031543803	-0.209212715279805	0.3480922184743692
0.7264702273057071	0.21991492406651958	0.09497514861451664	0.0015058453719939413	-0.12935053187468426	0.01505058438653148	-0.27960361181603116	-0.3889680289062022	-0.209968537661391	0.3508445807612061
0.7181897504102731	0.23690603560998014	0.18647625668438056	-0.09705968764100789	-0.10042039084990921	-0.06800803645879519	-0.28964245680803175	-0.30626286501693295	-0.5201614392603982	0.4854645149419747
0.6731020430773614	0.2974978865714163	0.16335687711644498	-0.2936690403334584	-0.33772260513082697	-0.37555593968858414	-0.23751229113607655	-0.10015435796951638	-0.41249312289620343	0.3281576916744352
0.7857340438386237	0.2737874464358644	-0.02726726368840332	0.00017094331074840596	-0.746882507993088	-0.2709148479115779	-0.2210345281186984	-0.09555468333122984	-0.39039822752547887	-0.11390528923761312
0.4161108700341111	-0.13605802168462117	0.047440745942003815	-0.07387675160403356	-0.6029172120933949	0.04144255995829804	-0.12637920308861592	0.032290429011974	0.09899822461387953	-0.11955261444518545
0.7032786523152943	-0.06051040343119542	-0.1295577298224423	-0.0817027559641241	-0.6200950911886602	-0.12354052716389197	-0.17865305953220773	0.11821044464532343	0.5083193803565349	0.0327313638110463
0.5725154316968505	-0.10362735913083346	-0.5495731794915415	-0.21991128975026406	-0.3540606290993512	-0.03932018003926446	-0.10075676070270462	0.08031855728918744	0.4382221969277445	0.04068207842998888
0.4472980396210743	0.10357238132368718	-0.30921727587333336	-0.22903781020628314	-0.510155987188144	0.10963376238791198	0.07204282583754154	0.1561986153391591	0.20052363546840796	-0.1898309600697408
0.37145256479179456	0.041456876522878744	-0.490036557403669	-0.20571645543138561	-0.3528592264833184	0.09838473652006799	0.08912792357511178	0.33122997855329966	0.04938387111661094	-0.17389415236751302
0.9846770571423817	0.31518722976050895	-0.3781831537183543	-0.3525913745434971	-0.43806986062772646	0.21943153870743343	-0.0028580685813118373	0.01561690245888725	0.15188029999751973	-0.1334601665265177
0.7892077074301413	0.25624331119046906	-0.4908617454654669	-0.01060583555694522	-0.6872140853938826	-0.0041048801440348726	0.17997326278876435	-0.4689570729046234	0.15283499036415166	-0.2838688934599036
0.6744006296688093	0.26689008019090893	-0.5959881433968129	0.08379784880841681	-0.547526019205279	-0.15070863406455617	0.5587283964828142	-0.4766257179630201	-0.06383448178071643	-0.12559891561441835
0.48392137786236983	0.3662192601166331	-0.314707199150075	0.16894753732556522	-0.11922642173634113	-0.2412799293077886	0.6355188836298838	-0.2636872106500543	0.07334718400369511	0.04979471028062643
0.5115975829490079	0.13326097246566337	-0.16494692343673206	-0.16754967398104254	-0.557688000338403	-0.14407385971754896	0.6569965054819202	-0.07437256359616382	0.14846682295362684	-0.07141305693795007
0.5917602626523359	0.23848891014227597	0.07706020102510547	-0.23631828393070786	-0.5172362116862217	0.0388176638779619	0.5371761378953135	0.16060954596194107	0.17680952217275142	-0.2135918352502451
0.5501102704449801	0.47976348971133354	-0.09370033233103658	-0.01291636493379561	-0.5728929709050343	-0.007413663737672632	0.627090695674581	0.1048399250553812	0.035387512965033785	-0.0037933028314743322
0.4770373112078299	0.5694159304068224	-0.1028965193073974	0.014688472222015754	-0.3291654158452225	0.028694963245542285	0.6069044476440243	-0.017371020739403595	0.17098972479319594	-0.13365148642548005
0.2493388349885816	0.8875119673984406	-0.35471853590514546	-0.03230998731020208	-0.3881082793929537	0.12254782952958006	0.6158172092879548	0.05925754897501305	-0.18906245712799455	0.1270167910339612
0.49535199829618703	0.6214596154819544	-0.42688971423889055	-0.33458159254982717	-0.6091275134362563	0.24236081691070294	0.20292834258330594	0.13791104169677337	-0.1390372709894652	0.1248835195772836
0.5395309778432638	0.5378913756631516	-0.2393487501672223	-0.3065368800917555	-0.4721421016957682	0.02361928536212382	0.5450214911201607	0.11499218546762716	0.04449095843252232	0.1058086394809147
0.4137277210378435	0.777613954303599	-0.47068127693078726	-0.30119635552972934	-0.504479606187831	0.0533532071349727	0.5430819476642937	-0.31289082630308185	-0.10078907091457867	0.13530191902205538
0.3949134420319033	0.7468422412452237	-0.36513870401394577	-0.05298227425773408	-0.252600222492411	-0.194231942390712	0.28882383625123265	-0.3781237895817877	0.3217271847362735	0.06039808016645065
0.3283797947961299	0.8861334193256212	-0.34540021007374166	-0.1476846191985338	-0.532264525638951	0.07055383800203147	0.30737664525949326	-0.1805490057470038	-0.07482997820218112	-0.3053888365938183
-0.0021460608556423955	0.46584188084051104	-0.20653502434931992	-0.2293489055931548	-0.37990204074101297	0.13409948904649865	0.3396201760547358	-0.1735516449662973	0.11485452779507835	-0.21896954651142064
0.2480224342001358	0.3962664978335757	-0.24854705630231833	-0.20513035142497354	-0.274237483335391	0.16027440480077643	0.2064715094055596	-0.20847245202743234	0.13000306900341	0.04488520317749084
0.34222173248542076	0.6511788471644365	-0.10391825794220133	-0.04800626736043889	-0.2612500687424109	0.13359587522319685	0.28311609113177993	-0.1955471161986596	0.16651104021475277	0.025600134281997398
0.42152348500647746	0.5544067874918247	-0.09007954470945556	0.18039375304954333	-0.16788131486281435	-0.30450549386046166	-0.13121219648434468	-0.14229743313757057	-0.14909462277568447	0.17930232571564222
0.5143407724548054	0.2791428135723345	-0.23423977306643942	0.2628761326963569	-0.15849824091542083	-0.2620464897440534	-0.16255084821675064	-0.39844454019704845	-0.05809037339991588	0.09025167515104826
0.2595790745588514	0.18273835672408448	-0.170282770126838	-0.12239621605701273	-0.14675379704089692	-0.02902176633944492	0.2092084496302135	-0.052845583652808725	-0.663885019892894	0.36458401893567116
0.41683520900571597	0.29379670865546637	0.09080517550615774	-0.34850173715939103	-0.2426123741273259	0.05890845834682115	0.03803497727131799	0.08348872579717609	-0.6157122473086125	0.32113157531627706
0.25569706993403873	0.3384669475678784	-0.1486062363417761	-0.113416920524501	-0.37836699783713745	-0.0046233982525444445	0.18025748518505322	-0.04177348570534861	-0.49182559376995244	0.2711400961653788
0.3688489566582361	0.29216461077484773	-0.4494899116453703	0.3087080553372292	-0.3253039868688348	-0.015674661302479312	0.2726057353918425	0.1652530875917193	-0.5923492048465423	0.2325883083945124
0.2598079809288224	0.41557011118379783	-0.2682585637217774	0.3152644221870116	-0.5588154421722812	0.045796461521369694	0.40349886696170045	0.06830290085611383	-0.46199404524520976	0.09882974265205824
0.3929025670794287	0.44709574618576564	-0.36383111430160614	0.3855773419135304	-0.3468420023624519	-0.05872793039285708	0.33523075693010607	0.2179995784151007	-0.3691689994949904	-0.008426549796831412
0.3708604346607485	0.6401903950519343	-0.22302819577176186	0.23347637949495345	-0.46004552612748295	0.033544871301047066	0.2107260888904363	0.09593955235251031	-0.276714273087726	0.23460723064719866
0.3378309176861443	0.3624455735930883	-0.3770466755681383	-0.10457037657088933	-0.6055981906029912	0.1533389057259107	0.12196262083065655	0.014210478852169015	-0.4605264692533423	0.43424285619806613
0.49006526594694233	0.40273981037670786	-0.5014086347233414	-0.04701643036004778	-0.380442201204829	0.10633974765207777	0.2673381070924895	-0.02039443221625295	-0.5779916469186602	0.3189632878316173
0.9408569065532313	0.3161594236163203	-0.3557664778720198	-0.17926405984776278	-0.31230991674407094	0.10288814279596672	0.2659139624711319	0.21771256584584922	-0.520203834071609	0.16724320344169838
0.7778016743220697	0.553872813137104	-0.4775427036329255	0.16263273072552042	-0.2197187666687908	-0.027142988851851624	0.0991935386849184	0.19781588861140822	-0.47457785074613384	-0.09192885953920724
0.5331340997631089	0.4491526645158777	-0.2671008337339696	0.06615655877609411	-0.017872481677660146	-0.1353169101585951	0.10676992448675543	0.15526132797855952	-0.4390483996173896	0.22567570960961494
0.7847438097747954	0.1734142861970593	-0.3381076415041402	0.18561579082212018	-0.1703043345637671	-0.1354794113283011	-0.0012589853777353749	0.15616735832847245	-0.3993928436300653	0.26377493016547926
0.825277706538516	0.1076274492178659	-0.38327666075214206	-0.05004474650291413	-0.512025471099167	0.14556098855247646	0.34417211014487703	-0.2500159270062033	-0.5463922286967251	0.11570172722022767
0.6913711101368927	-0.0501407275590218	-0.20205270927014735	-0.06770895421135206	-0.4293691250049262	0.0046928674082135635	0.307523603640493	-0.42154323919010417	-0.31992349345419246	0.22796237240331374
0.7506861009552032	0.2165297413451465	-0.2971668642797873	-0.008081927525888988	-0.39007006563231583	0.22051644895785777	0.3189116615317144	-0.40797612103079506	-0.34412448119797556	-0.009662621323661469
0.7638411342179645	0.250407735428528	-0.20208829022270636	0.005093342048489722	-0.47078468240049853	0.049553083762476	0.2995847274033483	-0.26293689534173703	-0.09304881250483865	0.15552715616821583
0.7210367498253899	0.1831805230170177	-0.3160338324894188	-0.1509909290620312	-0.22779647413798262	-0.024797025393445193	0.19997630218953433	-0.3696085421587342	0.009542595533224535	0.519214522042047
0.5456349811306378	0.5051482327615118	-0.3584339186010987	-0.2579388636278864	-0.3219655085513806	-0.06749235026345035	0.15298094915939747	-0.294257181462545	-0.5792084214313217	0.5265524027882817
0.6213093050353032	0.6055360591620026	-0.6195189831956676	-0.024019741661057498	-0.5319344679357839	-0.06448950151166413	0.16785613242807443	-0.5484175777086082	-0.4228352374669482	0.2506998769231694
1.0070159400775445	0.623122262308855	-0.6332396458942239	0.12539011420211638	-0.550097579103809	0.149827786851122	0.1541631999159201	-0.2681525481111541	0.09772287323601636	0.17867912975005085
0.8042078906246837	0.5227953644965179	-0.701388075952321	0.1992664760195645	-0.5613837523837363	0.14376895563899308	0.2847618558809095	-0.29536523870929166	-0.23132529724222017	0.20560709269747576
0.9379723403654103	0.43297501987881604	-0.3364313714166754	0.029172769205206117	-0.6591278490709563	0.11726113717165051	0.16329410736736322	-0.4529139120914064	-0.08295506138283135	0.22845018813155127
0.9972384345990334	0.05061196292756476	-0.2716857995623715	0.41741984385688286	-0.7463515515982446	0.10702594559609652	-0.04139697630572228	-0.23586872315375468	-0.14961017969137586	0.13182613091248443
1.1722019000512196	-0.09639069042038731	-0.4178978791488387	0.29817415976012285	-0.6688149609369081	0.2498398996425135	-0.15594570953513792	-0.23144707776465784	-0.2244473960466445	0.057574235528950524
1.1536226290591114	0.5493581346187087	-0.09620994963713397	0.23222457854104792	-0.7776405330643981	0.19949072646970045	-0.014280763555486464	0.06959112149645613	-0.7501364534134043	0.11461462769968121
0.8566053806076052	0.7055697964686529	-0.23080418468731784	0.4396555148403172	-0.7209930890335775	0.2704409068089203	0.19701269205049324	-0.004283309882284786	-0.9383323597031566	0.11661011189397297
0.8291107093123181	0.2527947910307895	-0.11429523856539203	0.2018815096097648	-1.0238428350307685	0.2643792777465108	0.02273075235400579	0.004239964283479548	-0.844810417057807	0.25830220431791207
0.5242016709419637	0.3504221861905794	-0.2333704104263138	0.07041139486760664	-0.7867613266831017	0.5724250736820268	-0.07215672670793111	0.0913925046640157	-0.7914720722308051	0.13190353492783075
0.7535034745836205	0.8984963912118216	-0.5414262228197007	0.07152565075373582	-0.6492171457407132	0.4665409418084915	0.059257000275615535	-0.09147132113025504	-0.6510587967061277	-0.03555392529289447
0.41583602180301926	0.8112152807929981	-0.3665548099224536	-0.07567557291307311	-0.5813170618408058	0.6372419511155778	-0.11823698119998871	-0.2591208751072407	-0.6054056362115852	0.014183149798842914
0.5023179254983958	0.946088419676687	-0.16373495341422337	0.2486569182673529	-0.31416716528854194	0.33839403666153195	-0.31322027562375976	-0.05370700061431968	-0.18531837951872449	0.11663615608620756
0.8630704643769043	0.7116647214757295	-0.04787256339912255	-0.27932958682689313	-0.6084646663806497	0.36817767048693306	-0.24389298710436438	-0.3495398572988778	0.09753471543502662	0.190769043696
0.346495701237856	0.7531142266349369	0.10996414333324644	-0.021168639712040194	-0.9307293804465413	0.40765016944842436	-0.22914002137954279	-0.5012112060046776	0.07254829347233765	0.1383281456655039
0.0809171127250396	0.5823942784098576	0.01507288766379783	0.12283053541805866	-0.8012689889839255	0.3370261931830517	-0.19276893129999312	-0.4386684546978938	-0.07820448450419457	0.09464715828956184
0.34730338353490015	0.24213254542922352	0.3163187787760805	0.12800136268567724	-0.8778611041047177	-0.08745585983344617	-0.07310819338605737	-0.40508814770461027	-0.07718195519898048	0.04270505520194562
0.7285387874052357	0.2558418083768535	0.3849234573275967	0.20810090670954978	-0.7219804173609916	-0.33692899450686475	0.04275945126375304	-0.08952734674349311	0.025212079008681068	-0.07429134426921202
0.6623887195223788	0.5717517534284997	0.5397180492681003	0.19199368819706647	-0.6887239460084587	-0.24164275791311512	0.2720648738244669	-0.14252952895358134	0.09260326830226377	-0.051059472375617865
0.5538021847372033	0.6586726218821531	0.11489687540555804	0.08957115919075598	-0.6200449655080954	-0.020815001936500044	0.5511187067485952	-0.01028502648061888	-0.27309793835157653	-0.20670877203200683
0.7655473497102674	0.6994670406887002	-0.3235726012668454	0.21815682580314805	-0.6264905719167071	-0.3811743122566149	-0.03140280485253677	0.17103857772363903	0.17605810572025493	0.03207483876550249
0.8535463417354151	0.5257661130792357	-0.6811386443128127	0.37448843788956787	-0.3893551494327644	-0.3584148088229763	-0.32763951490531273	0.026747070217834984	-0.12556570724910848	0.11863476979627496
0.8664904180624755	0.5295449693029286	-0.21221592457481253	0.483979825450093	-0.7603658800948461	-0.4771294227316914	-0.20334782982868657	-0.13415567105839007	0.14801565386850696	0.12485014144176501
0.9539285579408269	0.8093778759152126	-0.3135715917123708	0.15444166385880737	-0.9702877664896008	-0.36296141398364423	-0.10741554075905771	-0.18771566649354632	-0.10160489226053529	0.00919496446219413
0.8136606411400462	0.8344796716075287	-0.4875664599719496	0.23904134114961506	-0.9213219472489075	-0.3086638429717238	-0.008580022823390598	-0.06073181275169284	-0.28233407617632167	-0.056391262525928826
0.6229469802471186	0.8348984151892195	-0.08765595494230444	0.2992441917387167	-1.065682516368529	-0.1550658718509926	0.03623468549191803	-0.2778733488669721	-0.3972949611499708	-0.14528442744652112
0.8057501227430883	0.7838295292079439	-0.05429417770226656	0.4022490942498874	-0.9404184988769648	-0.5833460846753296	0.10279694902135836	-0.22457155790934707	-0.24463416357427814	-0.19901163017470264
0.6174123959167177	0.9453960710274958	-0.08259562029137474	0.43118666065714173	-0.47792345623753835	-0.2983532232916522	-0.1692354066727114	0.2316443738224303	-0.32752196010591705	-0.16811446363740826
0.5021284681973952	0.8621154478572662	-0.1648404297689778	0.41101034179581236	-0.5498893566514595	-0.2014813695705916	-0.43988451580866117	0.15732954011147793	-0.19971482079646588	0.020086125192894377
0.3607036497725421	0.5373219503513469	-0.12624475774908392	0.4677295162409386	-0.6613375912512381	-0.14267800719232349	-0.688556953101291	-0.19700922758903117	0.15011692791850093	0.03967743902535101
0.1652699877232491	0.666424148879088	-0.06840465372867677	0.10169860170733014	-0.6097333837350878	-0.002795116347429266	-0.25563423639134425	-0.11899843252485245	0.17376086906163846	0.11484378371195683
0.22134407499487174	0.31975181176123035	-0.15939631550101574	0.16530530107646346	-0.7525091893089233	-0.1726334979952894	-0.42746775786204705	-0.4196640780144998	0.29473345379651	0.003964976501457523
0.1337069347054159	0.08933917729512675	0.2708685216636441	0.6168392454701046	-0.3645825379809331	-0.3325302196992509	-0.2471039350274419	-0.42780611710738964	-0.13136128669895825	-0.040623546427526316
0.3111135498333445	-0.07097134272228148	0.4005842388390373	0.3898811106890376	-0.3965793449747136	0.06334836173889918	-0.3028550574592853	-0.30516865680783883	0.14950460940554655	0.030984863869314247
-0.08927735705205841	0.0646131232156569	-0.028391492032819154	0.5941005178809893	-0.2584203622882807	0.24580345363736802	-0.15606917424318947	-0.1741052583892642	0.032792976994142325	0.12265479576689624
0.11121280252046087	0.06366178092686521	0.12354115569754628	0.32864031356875256	-0.5613033695224406	0.022100610616243493	0.011796795628281204	-0.1706947596948752	-0.1295928403814559	0.47202750925313003
0.13547538489260494	-0.025254425914599088	0.2095485747934691	0.3706371652841054	-0.5978116448923614	-0.14811261535110873	0.21640826634261817	-0.3289194902197966	-0.11579518023566432	0.3259571014426854
0.05580382527809506	0.5128132434420007	0.04874439881700607	0.21302135240141656	-0.7050321813594582	0.12876927626445014	0.12090360428591476	-0.2998970082625351	-0.05137868431384604	0.4337465954694289
0.250525818168347	0.3193713818274946	0.2492002886784188	0.11891959534623534	-0.7690682966262675	-0.08011720330568609	0.05654534813899964	-0.10672676379296728	0.021051103861562614	0.6467383238692821
0.2543743108081361	0.35562714718322297	0.08728608342442215	0.07529120609597598	-0.6959811567427577	0.03787123994749329	-0.1860684852885025	-0.32068264560233484	0.05122956585205404	0.34799080298338936
0.33609962598264104	0.6187855308349252	-0.03659942654788473	0.1225580439660698	-0.474978618178593	0.08169575940978951	-0.19667723461172082	-0.2792078948832314	0.31837392331011394	0.06700224486095024
0.5123547365253549	0.8075206179160699	0.14784017124813456	-0.07957959614621886	-0.47777790463863123	0.29129135017304325	-0.2477759326626518	-0.2719253229586225	-0.13977007642386385	0.25175054642949746
0.5352747991077558	0.795369305482209	0.15215263892981254	0.08977734241363165	-0.3985603856429608	-0.12003048289740642	0.1249017742875308	-0.34006473834938594	-0.24773381291104957	-0.014553129919104957
0.409680235210704	0.14985296101963397	0.2405304611319095	-0.0133197906761795	-0.4394272099100473	-0.15660264437462007	0.4983078568663905	-0.4229066031947226	-0.25667051355797665	-0.09034069085002991
0.35905753916061894	0.10617117791834338	-0.1198079122613131	-0.07032775026601551	-0.2982408013406531	0.014693065371783748	0.36923512162399436	-0.26163043466300084	-0.4408483439432905	-0.21259418902901822
0.2731704118011876	0.25693722147803083	0.11940581499875214	-0.10980558825208914	-0.3616352395390754	0.14220362921621382	-0.019883905981517458	-0.43880763907220605	-0.17963883618792048	-0.09040957008745716
0.3289024016573394	0.25509155353228324	0.4436863309006017	0.04548821987436644	-0.6991185024087381	-0.16051648119040335	-0.17154671926595	-0.3198758433264094	-0.17780607005332819	0.18817000655615862
0.26434674768302413	0.08872508710680235	-0.04372283864744725	0.1842947932256098	-0.8517159807964214	0.10161430858509052	0.03911952258082804	-0.22317803874970346	-0.43613968661567826	0.15771695756302617
0.17708700940147304	0.05620077432530004	-0.12110267894834581	0.011079896729262989	-0.7772869310562951	0.05964101608881076	0.44705541016526673	-0.1758164698619554	-0.3603125706925695	0.040591215873656925
0.27462874849847424	-0.037430385587180766	-0.5623364662226715	-0.02206892085230927	-0.48852134196289076	-0.2128494352317298	0.47127202856406814	-0.24145319580801822	-0.04396751762509221	0.20602793921217366
0.21470853977452056	0.0852848546311481	-0.6354785454755221	0.06565540959534481	-0.5714991541727213	-0.008248954385081775	0.3595860053468597	-0.3721134190887714	-0.05904496036916598	-0.00491138067849306
0.5964073332614376	-0.06232272625427199	-0.7484500722463426	0.034764453470408026	-0.8517722779625961	-0.00448643478277037	0.008661971776498079	-0.3280612928092151	-0.10379398142019981	0.003876303750909166
0.7847157813379634	-0.11745236365854311	-0.6300385311860129	0.02216373443300167	-0.7242414155049072	0.093351865500199	0.14273907790522117	-0.028848827613521366	-0.17589075525552456	0.00026839657159018204
0.6275641650114074	-0.4134247889191936	-0.11495610256266553	-0.13387687130332038	-0.5546718778348981	-0.038445089089588685	0.27093243513013626	0.04751706332628783	-0.027104582717744935	0.46090310426077363
0.42494730886554555	-0.17038566105899902	-0.24350443958610407	0.016130306841666442	-0.25940331627697377	0.11029197862613574	0.3480397284093463	0.09729376965392082	0.1400908889154591	0.2584169228198934
0.5792183709755597	0.01617782285442862	-0.10111994877164715	-0.3647985316611722	-0.17210449136630138	0.09912586444825078	0.2880502240859493	-0.03861868895961483	-0.07277169108509535	0.30804451389458465
0.42122336689807716	0.1824608732571916	-0.51622855560802	-0.12004180405536674	-0.47271536646528345	-0.011738367141047548	0.054965176324877324	0.044513347067331274	0.26530111797359285	0.33453828990217305
0.29462651002435747	0.2677437733088426	-0.15416561569373632	-0.1288405696298041	-0.54088854925275	0.32809563232026984	0.06504872200452243	0.24284372536583165	-0.16470865366008308	0.26982540519430576
0.29733975018478065	0.5570529260907701	-0.14518913282940768	0.27897640052805384	-0.3301253519970587	0.30699574322183926	-0.013755812049440319	0.06715264788062039	-0.27764144591325	0.14072058226730472
0.5506096278304096	0.5426957661129925	-0.048906056941436155	0.3040240319614657	-0.36086919588506094	0.3942473780190659	-0.053826026194703516	0.06447831048835038	-0.3271528949615924	0.034567104000961274
0.18439535322181683	0.18416474993691828	0.09690652945148792	0.1417943304843813	-0.33518266220984544	0.05924220598663238	0.2653470188252921	-0.20653407109590938	-0.21010252153958195	0.43329115516354233
0.5351450896554961	0.05179201428891822	0.05180287861737629	0.3040520336344135	-0.2471056774310925	0.1727692104927998	0.005254073563891626	-0.21672416429508956	-0.0283740610000022	0.2577846106182696
0.25983998859189367	-0.043086863313181595	-0.15477969393698493	0.01565452017884822	-0.3371137167859374	0.37038930292325833	0.07448993434979165	-0.08940290004209234	-0.43583568182236987	0.20599920088325258
0.4509007845013473	0.1701862736846587	-0.014017947992766316	0.002483024056767289	-0.3022236099208746	0.4116255087470877	-0.3584856980182243	0.15550792085229473	-0.16970708109373034	0.00895946177018997
0.3514919644400694	0.14143289410196772	-0.05673208974720174	0.1543600845379819	-0.4498456384633823	0.1757699037658162	-0.37463600209800596	0.06035806008456883	-0.455169251091256	-0.0933655282562254
0.3267949571951654	0.4152638890293997	-0.04267730671881595	0.09401433495792139	-0.6232862903188988	0.06525262126704755	-0.23806012472204985	-0.11193293461286825	-0.7795626919487675	-0.06212390260451951
0.2379013918737581	0.2952823701665329	0.20575718836488435	0.04084461359075456	-0.4488073287529611	0.09484018897310888	-0.14322028805127673	-0.00791548246625437	-0.7224768540634727	-0.022641517727746377
0.4304479221961629	0.27526375723356294	-0.2697046712140364	0.2665278900528616	-0.6065173314995094	0.22867451597553995	0.1489775925018621	-0.04518943442651144	-0.7365012491278338	-0.03419505509048425
0.17886842827085486	0.0802974805974947	-0.3694632742959516	0.11687410872463189	-0.47087312676693893	0.34053981068459943	0.2732921522084325	-0.2442846311992574	-0.44491775802503963	0.35008643935692996
0.6325983299625918	-0.20588947449746903	-0.40065182412801925	-0.13541473874860882	-0.7015702738792831	0.12079823588022914	0.28650265501697564	-0.42857126615025076	-0.41621198238221285	0.5123787822875306
0.6290863618753663	-0.013105136791880356	-0.6805837877203658	-0.021041691413321503	-0.48568052666113637	-0.024171294206658478	0.3295370743151562	-0.39420204785670016	-0.29594877621457727	0.5927050435908184
1.0804323292385747	-0.03820337215450315	-0.4402802896281431	0.08196229142025198	-0.4207649231938595	0.056078546204261726	0.4314619861010997	-0.3426784362580689	-0.3953472028524188	0.1375861939165256
0.8756331875061445	-0.07979622392939545	-0.31872424070585	-0.1978588276552487	-0.2376158549984985	0.08351035540659334	0.30291565506929075	-0.22315434298687478	-0.3264721523011872	0.36589352295708083
0.9283237664406427	0.12205076448404586	0.2942050476682077	-0.16705075260643812	-0.7697047381593977	0.2721931776105769	0.24314340982381133	-0.20448803471119303	-0.2711490166900795	0.2397682817690704
0.855883371992658	-0.10785355936119101	0.17178232762812473	-0.3785759478458607	-0.5940910021021631	0.2596369655410276	0.25732878192989556	-0.312061329202023	-0.33443697117373156	-0.11689772492482398
0.44783605710660807	0.02433680357830456	0.25724129708239607	-0.4160349509195349	-0.6500639743798273	0.21593670653598634	0.5416381417613749	-0.3262803040555186	-0.34635085083743034	0.2644347997793315
0.32862958097164785	0.2700552062199038	-0.011089274375729374	-0.6150022936002663	-0.5095598431378622	0.34483952825674996	0.4186491362153425	-0.226455864187319	-0.028037771322158678	0.14743232061032818
0.09327931496083783	0.39357899514837635	0.06849953846480003	-0.5137659946197033	-0.5802666318557557	0.3759858401698848	0.18573087977330413	-0.36138110291113945	0.12314804533986701	0.25114600250919283
0.1338420731694455	0.24181574809287662	-0.34347348766768826	-0.5372252519329492	-0.7671582780958022	0.28267252178596913	0.10814967162691866	-0.490641205238158	-0.1937686520105938	0.011923737005653412
0.11430494298285859	0.2635620153197949	-0.3049325069196547	-0.4296885411760185	-0.7255685316143446	0.3637580839057074	0.15007357954322054	-0.33674843980584945	0.04091356283601433	-0.018857161720463957
0.009989204136889612	0.38621328229018026	-0.3123079135418779	-0.460628435352444	-0.7039242263368383	0.44689910348888745	-0.11847548129850438	-0.4847744958326244	-0.03878896283348415	0.06938267736078485
0.33165041336049284	0.43057380492027963	-0.5778433661026587	-0.3175217544590875	-0.407079135853741	0.28424613110566777	-0.10971288244202566	-0.8674978706390171	0.15988665519302825	-0.0683025758478
0.25830802886235293	0.406629398922985	-0.806710583784124	-0.3074724196412937	-0.39143586442333905	0.11254997201612885	-0.08035510434797224	-0.4653863676137003	0.06784180050401484	0.029877114469998384
0.601492588448352	0.2831323927606602	-0.3521744106144915	-0.26975484032442976	-0.6385093311622158	-0.11039676968402881	-0.4233781747503582	-0.32813885787428576	0.35065742698242225	0.3194185584333171
0.29697358837876914	0.21018647467066798	-0.19329221921316947	-0.28071442230670623	-0.6455335979620145	-0.010382430183150881	-0.23613528019845928	-0.33958078087738147	0.046242158141084844	0.0662686790172729
0.3899251374779016	-0.019796787731404752	-0.1382613089715848	-0.018434487946291767	-0.5402256144508323	-0.0065139089414081724	-0.06019671572785637	-0.13763412861537244	0.0891667511949684	-0.3466074128183306
0.301839097081404	-0.12433221478823836	0.29716617251230626	-0.13175545227270266	-0.6576032465108396	0.011315727694585609	-0.2284910681116564	-0.1487632651982662	-0.2103355694766617	-0.38840496854868445
0.1721235789950328	0.3094750757629264	0.23742359351890036	-0.23153116861312245	-0.5363366713519595	-0.22438495158061122	-0.15301287564022997	-0.3508959371040187	-0.25170393799711227	-0.0027312382891145903
0.43580180264492263	0.42852120426565615	0.22032582218681382	-0.23412770976153385	-0.2473294144540495	0.2528934106327682	-0.12426164511877694	-0.24041188425223137	-0.02326930489285914	-0.1776468094069754
0.3206875883492025	0.24199952022168367	0.180790070858338	-0.13389825380737022	-0.35486274663731376	0.29603606608491323	0.06772542384256999	0.0057729107198751795	0.20800042711419545	-0.037712731772237856
0.42450479692260057	0.06989393847706574	-0.18305537425776217	-0.10055937424171545	-0.3477140602800033	0.34959144842797807	-0.01940500846447203	-0.0843635163495678	0.22110530042153126	-0.30998464405559734
0.24651083300295049	0.050926172333740735	-0.4024254564653748	-0.06442551589594561	-0.5896610113308726	0.13473500412815742	-0.06270458984846478	-0.12592561721425152	0.20847899519720026	-0.14371155275523323
0.429768196258116	0.05749420932646826	-0.353150783178241	0.00512241717604088	-0.5512148459123573	-0.08584715738159598	0.18108786816893233	-0.415509944157163	0.08583418445279146	-0.2184661397002572
0.20449025842245327	0.2597146849693808	-0.10595703378318527	0.12974687913332494	-0.6109724497873069	-0.08201956822455525	0.30871323929092265	-0.28312951173078216	-0.38694706773299087	-0.33039984309462334
0.7603470406347093	0.4838459946941356	-0.09557920294806696	-0.153680870346677	-0.594853230086124	-0.018171703335938982	0.22592708640470616	-0.24943150826636815	-0.24231981309612965	-0.2774652654040089
0.6954161780353373	0.5295217195934736	-0.13970330347746593	-0.08300294987863258	-0.43831179401966086	-0.1540094532131344	0.13144391486343499	-0.5619336183670393	-0.30992007827643064	-0.34177098601176537
0.5749374021622996	0.6596707876978544	0.037594319267948345	-0.05088036438010524	-0.5393137743061184	-0.2110780753661623	0.1358716704234569	-0.6167587732828181	-0.4741868198963319	-0.13598119499228778
0.8982800989188859	0.7221954897121031	0.12324386140060108	-0.3827474538034364	-0.6187428095579441	0.08042055543661691	-0.3251774556584599	-0.34774126536730027	-0.4007832110788125	0.1678494416763005
1.1397238161844168	0.5910231732724827	0.08555753274768635	-0.24358326270849462	-0.8392549749694705	0.0011336514483466648	-0.05611200732552524	-0.4772688061173921	-0.49966942955072124	0.020194527920717492
0.8395922254429116	0.5495422326884731	0.038700535934958306	-0.17601062508986431	-0.7515725681506847	0.17962674132029016	-0.04245269957263021	-0.5969101830524428	-0.8674996393950303	0.20188633754079086
0.8566121095542685	0.3944897109412181	0.1389740572904455	-0.3972101889506636	-0.9146342979929366	0.1052849489035875	0.0286841565792365	-0.6423798513874307	-0.33800116006415915	0.3123480779318879
0.5639323514023384	0.6949174598224592	0.025696905504963466	-0.1553224345499959	-0.972530925044971	-0.24860038860131636	-0.2328127677142065	-0.757382830701946	-0.2165151989137622	0.30279092689879816
0.38437324990132693	0.9918786767611321	0.16061956659236504	-0.2735361325756413	-0.6720296446266123	-0.28465989040461	-0.22765224280392377	-0.5559781913943469	-0.360869229043455	0.21697029659814923
0.7055895014200302	0.5200680847843805	0.10918764442152537	0.08081196116112266	-0.7155980114110565	-0.22904151779977833	-0.2930781833568153	-0.6924727685302756	-0.10919421137170049	0.18550139189997694
0.8639220375069083	0.3119758617403053	-0.036559408765389656	0.2850372611051981	-0.6237776755235481	-0.1476061352878472	-0.16175439680701884	-0.6635403468689804	-0.039297522255380204	0.2597868001498643
0.6861359621516376	0.4294037094297667	0.007130395037596063	0.1556867184498029	-0.5009336454734606	-0.2066067126136794	-0.2311293122476884	-0.7390600617376588	0.023871689461906223	0.06413259941736588
0.8011687616964315	0.23640233297300886	-0.28191883776420434	-0.14132501414412255	-0.3658118287074805	-0.09282347872124107	-0.6976714108850421	-0.7130510578659635	0.13136467112630784	-0.15616925842916135
0.8001351588249883	0.25530531533052764	-0.29374421419971924	-0.13396338877595254	-0.6867135375892414	0.07085673367518065	-0.3599417598190847	-0.6759515610655207	0.2119731605742829	-0.03897456134792078
0.8167870523651857	0.029517921330709407	-0.402049063563514	-0.0451414209980769	-0.5730137219990068	0.1636786589499108	-0.1048121844116604	-0.7181349901226453	0.33639169960206416	-0.08971371665821334
0.586054230527248	0.046969868564293124	-0.7289676163870116	0.07336593477419677	-0.610342627960897	0.09625198011522391	-0.08542705661033942	-0.5070011030967523	0.15030776691167563	-0.0985712413546253
0.8960371942689347	0.2359038894475653	-0.37264172592193695	0.023353833115446525	-0.5937161792634997	0.1345748147520406	0.1667806589563445	-0.3448344634350091	-0.24695400726647	-0.4996189420904658
0.79559305654556	0.5156079315708332	-0.195616726583658	0.08536491165683696	-0.8497339367611882	-0.026935137915646418	0.22300851294713772	-0.5958607258799491	-0.011134893442087984	-0.392148107153824
0.5024220035676754	0.7011422138865857	-0.12406432740687869	0.02386382513775468	-0.4852457803173689	-0.04974515713278538	0.09319924432186527	-0.8009234671075952	0.05927686842659968	-0.0780969710691638
0.7483284115037238	0.35308669735491743	0.09006601121050249	-0.2974950672905641	-0.6973156253539846	0.20142199386717696	0.17715211456928293	-0.4907702529925745	0.1530443319343318	-0.2635621093120364
0.34346302228744524	0.28771488497551717	0.12891946043360095	-0.003432379562262944	-0.854356990907514	0.09807055778120773	-0.0197932951303946	-0.39430910595376656	0.3504941169683595	-0.11125284475432762
0.04355699498747323	0.30549784705613164	0.22078294813225935	-0.04042706543271528	-0.5233397092997644	0.2517277059490511	0.15857046546156076	-0.4083457085727694	0.18060756168119602	0.01998193295072212
0.471723656812747	0.26904701687709087	-0.17761092150309588	-0.29440907383695486	-0.7088752860996175	0.2243522055334006	0.10328974945025562	-0.3994162217889909	0.19490814539018375	-0.13843532035770587
0.3885850470159598	0.44215532873421387	-0.4321666019332816	-0.17494141893053466	-0.5945565858534374	0.23292786558060072	0.2466930182863404	-0.5682099487688685	0.007153846793002738	-0.07257759982954033
0.557769810021447	0.5199265421146355	-0.00687290969567228	-0.2907089500674918	-0.5517789443764346	0.10302154629700147	0.023517654329542226	-0.602887127099345	-0.04450496988522222	-0.06469366524855871
0.6529320603631554	0.12371873004496386	0.3169644435208904	-0.21445810121933198	-0.47634413536361475	-0.08827465328177228	0.14394257952093273	-0.5689563145548571	-0.28938786022685176	-0.07800254308717727
0.9001441457719453	0.03556637707348201	0.22063883440858953	-0.08939566695267223	-0.3836172587691568	0.06711554800608963	-0.06697737885109986	-0.44916140815979533	-0.38681040154559365	-0.04185091498825627
0.5857442771423159	0.10346025340673685	0.5070815781288767	-0.11317885784292284	-0.43295114873745677	0.044379855738076665	-0.14780942521766238	-0.6509666483121384	-0.32304630761408887	0.10183442412221683
0.9091049695427021	0.18076106460361477	0.13840773813101515	-0.01425365162504938	-0.540357414018295	0.3761922192801689	-0.2409555218158156	-0.4093279602189118	-0.4203294044818782	0.2531232479153599
1.0015616905739921	0.13351875194995314	0.1647553187226538	0.11697008150404592	-0.48231196583996305	0.525764316681249	-0.048041081586112866	-0.4595265958026066	-0.43010931655654483	0.15402308889109376
0.8678015252043613	0.7102329285981261	-0.2578572876255437	0.315689409875935	-0.6258233792158118	0.21708607729547785	0.14942802794668986	-0.7837969613945507	-0.4369302027204833	-0.047043190198721246
0.5665154988540422	0.5828626075967361	-0.17860635721418944	0.504578057902325	-0.7650711783463837	0.0006018799126904506	0.35021379798762675	-0.5595260835398024	-0.3524472235104663	0.0021852819729500927
0.7554405427755768	0.27405366193623704	-0.4902626076706652	0.4511262216484478	-0.580590177672546	-0.08874801035920396	0.3775039518544761	-0.48426255941491547	-0.6754186644624032	0.013004752603737152
0.6484706000068631	0.4227978054148873	-0.21663937316139242	0.6140289269494608	-0.5920396832010332	-0.06284694638940831	0.08668217536493372	-0.6897443155323503	-0.2438551817687728	0.013053227216089619
0.3371491846610712	0.21408785679068584	0.021317567677051702	0.3468394715175274	-0.688363462303148	-0.2279060609754276	0.1410532631604593	-0.7286163200612266	-0.36431738455810964	-0.05530325800586949
0.3514967226054144	0.24908098641418214	0.08823410362102348	0.16944095671901163	-0.6923417678745626	0.17887985178532895	0.09303984430188371	-0.7439947626375949	-0.4362014966128386	-0.10129596381492002
0.3644977411700891	0.6270870160825983	-0.023035438516466764	0.3696384449318662	-0.5366078887241392	-0.06969363055700908	0.26975921579656675	-0.6284658542526378	-0.25240868195201205	0.0699633317831967
0.4838354103843356	0.4580785595514145	0.2440640042055135	0.5159510449382843	-0.49956928783283966	-0.053174508850312975	0.3102212435182013	-0.5305698010320914	-0.5162652396347917	0.11257597576868111
0.5266636482986128	0.4947256372966546	0.2199800826376564	0.44372573610737004	-0.35325240545136705	-0.06593059055980725	0.11173484800109737	-0.6972449431157812	-0.44655295999546624	0.31350551286619266
0.6328993502335216	0.6547638268438163	-0.07825170826606886	0.4392836952436372	-0.1979020338325141	0.05833459278904418	0.20265648732691668	-0.732949765101821	-0.08915175996081581	0.3190116760766573
0.33811847757535457	0.37315378816215317	0.3038301413264976	0.3254449342903246	-0.6615266625454959	0.2286973706741807	-0.05957975890595399	-0.41842471322626446	-0.27193477949911365	0.3372501891017605
0.6081997432039723	0.6332238808736124	0.24113038842923049	0.10417115189058226	-0.8657679168348301	0.32296159908956096	-0.17791183235703342	-0.07303566286160956	0.023066796110674137	0.17618958493549397
0.83036595648596	0.6130886418310972	0.48383547384871084	-0.023821408929353388	-0.6235303727912395	0.08252776093976452	0.024482116467218734	-0.34613984435871614	0.048352337134560094	0.11942920645935565
0.6356416086217889	0.5495039672177702	0.4727972169749983	-0.15378282550529704	-0.5421493597714646	0.154934969512402	0.33883608298926515	-0.22033311271028402	-0.0013202370041783332	0.11677478724808338
0.3938131768836675	0.7772548357580515	0.40997616967818584	0.13465346737492362	-0.5584239184152162	0.09988130201136819	0.2548476175166446	-0.3452113318714275	-0.22998976885643851	-0.004874303123940729
0.5392994720316108	0.8265689040987869	0.0988569348797031	0.3683997378562277	-0.46613395755982	-0.13673230633414424	0.36064556036503725	-0.4056914319863249	-0.3037550957934204	0.012483203434456497
0.5842015041360612	0.5262850092007973	0.2032501473579549	0.041764512859084446	-0.6168976565964956	0.060804318563923376	0.5008606949740532	-0.31781341584513534	-0.4043779824693546	-0.417968074866656
0.29366833639578555	0.7945333813080493	-0.11735752193030688	-0.031354416107881644	-0.476019471021257	0.45576205496428085	0.30259246626803626	-0.13610218991317352	-0.30422813161293505	-0.2811712006628686
0.3678715342595939	0.8915837030028891	-0.06288840991273606	-0.027106627319605	-0.43032960464590875	0.41531598671815295	0.23969891677611793	0.017817405686292892	-0.0030341578051121254	-0.26438006364976596
0.30219621361655236	0.6618558299119747	-0.05580389164957629	0.10411121950084776	-0.5352477606503027	0.19830046301593146	0.3238884662655153	-0.1149289614231879	0.11352052372123689	-0.25163673594595876
0.6723735721253831	0.6083606615542643	0.4907847689577452	0.22509285114731944	-0.46807789653140885	-0.045374005830479625	0.10877581689299151	-0.09574097734435105	0.20555061098438293	0.05294948584841891
0.5372451789125505	0.7737306704373628	0.505145526654594	-0.016536855028580877	-0.27634096030814814	0.21379664236910573	0.08857730824339212	0.11462493870267648	-0.02593654133281481	-0.03705343917691359
0.5700556456363725	0.5920641711322236	0.3415548523342744	-0.11953290293716082	-0.1855804916826559	0.1726408196291489	0.343701077210028	0.16662151094047403	0.14120088216576307	0.14406557976977524
0.6490831329369003	0.37874065624943243	0.41593115750880927	-0.3595048843088173	-0.35960766383616294	0.5049688053118386	0.4296777238742734	0.1272031154234632	-0.2729552682548818	0.14625581258712983
0.7812750579902035	0.4817500888408956	0.1640728886796325	-0.46064584629611666	-0.26761197139369197	0.5810188432240242	0.3104324346230083	0.16861380324727512	-0.39693223980448356	0.041508849652089175
0.6774473512912353	0.362971999979498	0.22495221409756866	-0.26793291458171525	-0.623813999262405	0.5730369084105562	0.26721173850418983	0.07882188794620165	-0.5833759809649364	0.1652866482751511
0.8367519603866524	0.4085161220699898	-0.0433610144063698	0.08729555947927192	-0.33556770417022364	0.5318897035847925	0.22969974351819833	0.1126402935281618	-0.6999257289285236	0.09891830405149771
1.024563228310839	0.25636854542103754	-0.12360303243785997	0.13093456321313907	-0.24242685752970022	0.36049861008329886	0.0815576239164593	0.10398053872330147	-0.6503087773340486	0.1461316729593362
0.529404317506253	0.5083334480439061	-0.35026811607802616	0.3825165980464313	-0.1690576710039146	0.5193300919040917	0.19183971762046798	0.0010277305053168068	-0.5147662522332785	0.15040776611370038
0.5744952260768776	0.21550429435674018	-0.1786403812213998	0.3164331854545935	-0.44359351204386593	0.3498748977150752	0.30087529534730556	-0.010450357548574499	-0.46793235060490534	0.7229786350181553
0.7419158260657331	0.15446109765845586	0.13215138212776595	0.2268645866370297	-0.6255687600288697	0.3305262337287336	-0.024525794908462406	-0.3435567029723045	-0.2101784059864113	0.407271823405031
0.3615484764483799	0.401078450799996	0.023929824365612543	0.17576090765773356	-1.002486580589631	0.31839302127662217	0.1604742707354414	-0.24108014750613646	-0.1533269849218279	0.06598770736437953
0.5597054758538264	0.2479993871207574	-0.24207168037093463	0.5196185011922563	-1.0030665089731707	0.08110398327334584	0.008241495323039444	-0.0719639299308138	-0.2139605431043473	-0.17912994309968
0.40401543494002196	0.2506777913646633	-0.3189489934724239	0.4512768997100094	-0.950160077186378	-0.04467430849701598	-0.25184304425770687	-0.05289713843318999	-0.00025567775561174955	-0.1313630223011631
0.3501607336144478	0.41508784173933455	-0.23199425770040655	0.26045118245740595	-0.96012685107326	-0.011008174899340223	0.17837661319375808	0.03826075401198687	-0.025663776072759534	-0.20715454854371398
0.2721172225681109	0.3777285748859369	-0.1649511829207594	0.303333989253901	-0.9770758318357466	-0.16573150469352335	0.3358545291250676	0.061403848636830856	-0.2398328466642496	-0.14547373026970623
0.3327328668600402	0.22767450640043987	0.1263408900128667	0.4035261750072021	-0.9558874822322515	-0.18901732383393352	0.09832768362160357	-0.1354654168820008	0.08821163133202209	-0.10211990694322506
0.1186703542465879	-0.08100212139773408	0.06560312996905346	0.04568134937936563	-0.8470155430574519	0.13357653658341082	0.12074768925640986	0.12020227538569	-0.07242850455911898	-0.06610906346136905
0.4128500079741518	-0.21339054443347513	0.3874104349147395	-0.02740820861405767	-0.6035887427154676	-0.06216883356139377	0.011190013864891019	0.27540203425537385	-0.01805364891749612	0.08080541625267271
0.6683974476566112	0.12089738087980459	0.12236672247639285	0.12352898902340705	-0.6889259500805403	0.3117664320954222	-0.08937553019880319	0.1963933916345753	-0.018695910764559877	0.04306709868964512
0.46087739404375183	0.08803855174078505	0.2364590504780949	0.11173145115284608	-0.5403735744998382	0.05700792965722029	0.015188116747472738	0.0022231865700540476	0.1544500675604306	0.3167485437539741
0.5509130076946158	0.14085587566491958	0.10946736349862868	0.05878027995663425	-0.7359483610517548	0.37920276678434006	0.02156404132679982	-0.008844059572824053	-0.26925473291467705	0.16614754276449117
0.679116763381356	0.10596422570780983	0.016795470305880994	0.05980892713824418	-0.5920743704906734	0.4034418115916761	0.2687614181589529	-0.46496254617463906	-0.49855364536873653	0.1511602234359327
0.3893764498196236	-0.0060162112315735455	-0.09114276756918077	0.18777546867740977	-0.6668487270585528	0.4242472247860916	0.17298800233474754	-0.3326949267442951	-0.640108875368953	0.17715678246885094
0.19442416967126855	-0.10145131389705983	-0.2017167244783479	0.3119533819191822	-0.5685050743230508	0.3130475056204409	0.18432568232744312	-0.10315504553675212	-0.28254588496311706	0.16646829501604543
0.04602327706911308	0.15971512358928866	-0.26897856080614724	0.13769653838039922	-0.33487432173869813	-0.10838184116247118	-0.012690802396169376	-0.3343035348151737	-0.2149231486844621	0.39592489980045803
0.1362360578700721	0.05679442218962137	-0.21914374203031364	0.4100635939479952	-0.38444402348269485	-0.2088748667711393	-0.023426143941925825	-0.21466629156637562	-0.1875196821316184	0.1152206920307493
0.29811996285472203	0.23779493397468549	-0.28761673633316304	0.3849171662918699	-0.5094551819086326	-0.1455771687430487	-0.20817953446938978	-0.28796367429357705	-0.06169640782133515	0.13977190124953703
0.2694877234368528	0.32510032678115336	-0.1688900363075568	0.22746015261829386	-0.5939114327297551	-0.23731506459517673	-0.01455741790550305	-0.47636566707744216	-0.027298566416641683	0.01953803622782302
0.31389941982952296	0.526244681924754	-0.24631250899370713	0.294124721475344	-0.7363244767213095	-0.10990055603429699	0.23677025044689512	-0.283659835718093	-0.33127196924963653	-0.1321008620679531
0.5863770809563582	0.05719618944875937	0.012176660251672106	0.05207549400900241	-0.8097991041228833	-0.1739440433456913	0.20146542025046432	-0.29435769159271724	-0.31892407326757755	-0.04928504391764156
0.5262852631364782	-0.22443837824892582	-0.40423987406171313	0.13547159227550593	-0.637046833875323	-0.1912998621624036	0.14371221233941206	-0.38871530607084626	-0.28969609235037713	0.16972348079665134
0.2703185043309722	0.055369020870876084	-0.1630995245460763	-0.08608960718430916	-0.6347657446654643	0.007315414039556545	-0.2249725721887314	-0.2390227051568352	-0.27600710454311583	0.3861817365934324
0.18074748775846156	0.22411023762979745	-0.11539118267889333	0.20986172443843928	-0.6091082473568163	0.16846914463012846	0.003228526566709411	-0.4042297259490819	0.0385220924195217	0.245741369600401
0.7452994935695951	0.25014342332482553	-0.2038111962074874	0.06977983776491459	-0.6252775782525651	0.19054055520231403	0.27567458335602224	-0.2830337053881841	-0.2121923511799253	-0.10824147985496435
0.6382303252116079	0.3705952207368456	-0.0626949686347884	-0.2134321051385008	-0.38698062934620486	0.23502333991821853	0.27410707019071245	-0.08617822158381139	-0.19028908591667867	-0.0961015502920865
0.6575361477714375	0.4228204989862332	-0.3577314407050995	-0.16419088741763707	-0.4019298589766163	0.342420006399877	-0.025965702489251175	-0.3651882563685948	0.0928152037049769	-0.13904948436892733
0.6809891610687081	0.26736056088162186	-0.5119810944525276	-0.027388452280080577	-0.5215413136262332	0.35632981971566696	-0.03262669711803822	-0.0944577388498008	-0.090344999508533	-0.13941785280092928
0.603446922842047	0.28211935681327044	-0.48752714137695774	0.13204691746380828	-0.2965568425567169	0.24969099956106633	-0.16285487525631706	-0.16296677452817815	-0.5293873569428231	0.0489569307365621
0.16016692099067664	0.2928607830745191	-0.49223822212203877	0.36688412017170713	-0.37236193268812934	0.06748202658663294	0.27169219147676793	-0.17853249229178975	-0.26740002976193483	0.2693943601905823
-0.14102393947748726	0.27984395679919594	-0.3383509238123177	0.33243267225276246	-0.5669654357043479	0.20926582480751948	0.28590014902514016	-0.40063205672704516	-0.23646284071305615	-0.010722657998942564
0.16672217656908667	0.16038331554080654	-0.4890775806543539	0.3000777352488801	-0.6165855425746606	0.35311516684078786	-0.03186324761611686	-0.1781040952850612	-0.1517210645371357	-0.09546527542246783
0.5018577578746624	-0.012523977701975386	-0.3247068994231003	0.2783940798015482	-0.49338404395173185	0.31624813548662484	-0.21818533916558103	-0.25402422674675323	0.2670946536027261	-0.18225405750885582
0.17131027230098256	0.2550255072780332	-0.29927923905490433	0.24293599630416482	-0.6069235571016997	0.07059691656366474	-0.3231597394086563	-0.4954999334191007	-0.0008534800144510135	-0.11932263206159985
0.5635885929780109	0.3691676514635251	-0.3016151198003398	0.29345713181328503	-0.6652421928843224	0.1440936866093533	-0.2564876701755384	-0.5729694666721481	-0.10052165645709457	-0.07555071162989879
0.7225639640374572	0.414099671514143	-0.2607620153698427	0.033176893910607574	-0.8000978438739224	0.3833393241641816	-0.1656602158889221	-0.5536904169414407	-0.03548613780251639	-0.11889082354809828
0.6458377466992894	0.3639198177491281	-0.1511151077547593	0.3198936865200791	-0.6899283659820996	0.22783253097825745	-0.16801574406596767	-0.48768859317490604	-0.3396361151983316	-0.14031808244825067
0.6812597212782201	0.2955702882062735	-0.025328479138228055	0.21614802517955903	-0.8143345195508428	-0.05472174931540996	-0.11569759278860879	-0.36721780868907616	-0.5703944096799165	-0.0814849423501511
0.7282169105882478	-0.04575628437995849	-0.3292063650863802	0.007419643493467187	-0.2906133536305462	-0.13675635806843273	-0.07344459985963275	-0.39043288506361246	-0.11644785983859596	0.2606683915830759
0.5276384617723896	0.2289593252199268	-0.11703817123450086	0.06719362922087165	-0.6615375309566871	0.10468031766913369	-0.21857106336067122	-0.38315584669272335	-0.24052384121210357	0.09619869712047663
0.642501544733207	0.4172754843242775	-0.11588226837856783	0.2349978441265667	-0.5727158559291977	0.033161679248392556	-0.08261171995063782	-0.22732669424460097	-0.09985722793545157	-0.1456203064443851
0.6551148344494611	0.5313730719332341	0.02682434598687994	0.25987121460820733	-0.5942746452952569	-8.268156691487727e-5	0.10947804558580765	0.0392704062516345	-0.14387300420551702	-0.21197900121185748
0.6307135815907041	0.6342216057417062	0.22197552056845635	-0.20780830914610693	-0.5855903563016289	-0.25958964322653055	0.06929509014270444	0.045941599594706076	-0.07780659556099086	-0.09076821327143435
0.5136054801660246	0.6275445974596022	0.1071380168226135	-0.15629388106729183	-0.6409471543059307	-0.17849092782829135	0.24600355266508805	0.07582048373941705	-0.06522916946378252	-0.12079256897638546
0.5250738982828719	0.742504522555638	0.13599145171724436	-0.07378544966970943	-0.40864737173854127	-0.279241024799099	0.05455142735478183	-0.16012174292526352	0.0096242034563144	-0.23473938771013914
-0.03693376404526816	0.53984033487279	0.10860279878026524	0.09146634715752405	-0.5780079555260076	-0.11328267436391407	-0.009867589858198994	-0.07484966971646977	-0.26978222223482295	-0.321617896829538
0.3987274859801728	0.6007107582989369	0.19624660224227372	-0.22571882972199203	-0.5763904539840575	0.013980913057784844	-0.3350447732480527	0.22336510160177137	-0.42020822246848194	-0.23977192893099658
0.5005550420875041	0.6064142513872763	0.017758752919832393	-0.18729794804127448	-0.4870398374305843	0.00043834848171403484	-0.29988843791634934	0.1610706867087744	-0.506716326162752	-0.23807368435366916
0.7488144430766226	0.5421321364182534	-0.30479872364711325	-0.03353546296013338	-0.25951269352216616	-0.42651066642651086	-0.3648057689701515	-0.20238282630655846	-0.20909151432307693	-0.3229093455451609
0.682193914600571	0.7256726896835243	-0.26911081070055576	-0.1426399872466991	-0.49725447100790726	-0.2731489435875859	-0.04280697807606482	-0.08809072970478773	-0.5169852628851414	-0.388117035618996
0.6958364387433049	0.5060071236949291	-0.025764053974883044	-0.11418969214832754	-0.6642317255791019	-0.31400611387124916	-0.05622736218102116	0.05076568342938684	-0.44410572902565804	-0.42607128232806885
0.5219080369077294	0.5837505578784328	-0.09112373904889752	-0.011549637888652028	-0.5047368428908359	-0.25715999945041096	0.087689706103778	0.25387718835864836	-0.592971141663887	-0.435796483427845
0.6347000681078571	0.5592878242029173	-0.351258889536726	-0.18783410009782486	-0.4232194613535969	-0.17978270639118452	-0.1128783982308073	0.16531480306067764	-0.6789992483378156	-0.1530285342891674
0.4341379490594794	0.31779292823944605	-0.38351235099102715	-0.06681575859521882	-0.5320549976176812	-0.4968420355533646	-0.19462249282209232	-0.08001991164474048	-0.5972375193153979	-0.08189595929747413
0.40726414896646834	0.5431314412624961	-0.1149126498433865	-0.12960907486909545	-0.7567055975900636	-0.1858560437722484	0.03361074820380447	0.1989322817929038	-0.7443082580782192	-0.07181411891393133
0.6931914434048501	0.26179321409880996	0.1781195466505306	-0.06772850338236408	-0.7852693482279702	-0.403428069006784	-0.07123766678965504	0.027495358045959484	-0.5162962744160695	0.15903198402647858
0.3834050378670024	0.22589645860067736	0.32479841982386193	-0.06508528509489289	-0.5860429586887236	-0.33377039169218203	0.02801460037987691	-0.1330822708942683	-0.36142002147380986	0.11238872197632369
0.33174723194610445	0.46622499102118986	0.2539376844461586	-0.18480103564819206	-0.5506352415690728	-0.3120727787716979	0.02298787912106754	0.05235915616050327	-0.468145686027176	0.03975751142874184
0.30728832894162206	0.44128755415726945	0.16448720869815486	0.043744690130193664	-0.6409118623818287	-0.30754603518540286	0.05538809857290891	0.06678363267124213	-0.12236157038321921	-0.3756030404519168
0.50390523881646	0.28279615642169104	-0.10399340969055154	0.0057153463385086894	-0.33962118236452377	-0.353677988541098	-0.14682284318137942	0.28036660275670955	-0.22072679193206018	-0.12293641730345944
0.35154913754547273	-0.2125337050412231	-0.20896047049138353	0.17710472324807724	-0.31187155413011736	0.06859148336684068	0.006861956333344105	0.13254856430490838	-0.18333898236639523	0.08189770903424934
0.7245729178868306	-0.19456405399620583	-0.07717640120080829	0.04714352549189507	-0.4720290673054945	-0.11797421668402161	0.21342162852104607	0.021768604803439118	-0.11988485522180263	0.3065676561336671
0.6849703527084212	0.01278495501433416	0.016127774686461052	0.16150171902899874	-0.7212689822448336	-0.3900515187917497	0.2504209881293016	-0.008134341622070732	-0.04214295202357961	0.1851815342361045
0.49255879370741795	0.072254210862192	-0.17482411005255	-0.01189896759245121	-0.4232418109820137	-0.4544347677130993	0.368614628156892	-0.0801835133066736	0.26196570866299723	0.305122521275804
0.3333935440253205	0.16375667922941547	-0.10239571173882761	0.2161665143933095	-0.5333963773865743	0.03798523334673043	0.2624396982276459	-0.17868097461355126	0.08302159895195896	0.12934471961912009
0.3951700647415275	0.16539406159653214	-0.28742692152549765	-0.0022148266886320156	-0.4601600511387834	0.08704053881092177	0.41861925546332224	-0.16898449851661546	-0.11190159868486438	0.32092128723692737
0.5905589864642604	0.02691850225626874	-0.06494552784058599	-0.0726380430628567	-0.5127095277823502	0.09376091621198028	0.14599161776398145	-0.1820398683759388	0.13758579165372287	0.17557467194740511
0.35747974298504026	0.0060825292651637275	-0.343657145371997	0.10817480760387177	-0.5154396278555273	0.029306806403112312	0.06467676028542779	-0.43638803391071035	-0.10212507755645989	0.07395692727161872
0.23106359300709384	0.44373720906431136	-0.1330834335750332	-0.03503729708565123	-0.3478130784295538	0.07333764474233553	-0.272342691019133	-0.39236718545242366	-0.31295073967422743	0.09902567084550208
0.3381262649438753	0.49802469280896117	-0.18701414953447718	0.15587654338319976	-0.24208145513439164	-0.06697385032375838	-0.37164273758489264	-0.5194604779001031	-0.08738441308432632	-0.061380205426758386
0.40455952740323936	0.3705774049144392	-0.09742141704929014	0.14104051241406476	-0.2804401768889525	-0.007307707600360716	-0.18940284992978643	-0.6010881936087238	-0.4045052145864861	-0.30513609673570247
0.5144736360602005	-0.023957361953979572	0.2160058775972944	-0.017145670530476997	-0.34672619434391805	-0.02581111436799058	-0.40608799798815554	-0.536299076341519	0.023658684759953086	0.09774967213910546
0.3567448465261239	-0.015415875339634538	0.0898243674994822	0.002790496372207095	-0.562259665027739	-0.041374462494981036	-0.16227012119388712	-0.47456681226860087	-0.019649186164339492	0.5291161180884278
0.3791829954623167	0.060790531304679096	0.14386133715008292	-0.2193296136285277	-0.6953890955730498	0.10824115421686817	-0.28899053523469564	-0.0006831555273407175	-0.25006753001562626	0.5564657671041282
0.20594488084516774	0.14235354108772272	-0.29571979560668604	0.028693053219064985	-0.35538319980593513	-0.4038730236730642	-0.10559751322383196	-0.05585517610961757	0.006320488599630136	0.5397253027721948
0.2683602138898059	0.05230824072858985	-0.4674584192091872	0.059198782310780663	-0.4100506805300964	-0.2181555853895239	-0.16407796611512654	-0.047468144646003976	-0.286759879207911	0.6000938624897425
0.3903772450539022	0.4806306437213109	-0.4432384409320691	-0.07070521336618393	-0.6267576548967861	0.0580324529287658	0.20268292485299366	0.14823771840816663	-0.6278728944522197	0.37673290136063503
0.5041818771603139	0.6746203939618856	-0.5532365413717564	-0.20775693254563143	-0.5814768215140764	0.10589050904311244	0.1652240337534458	-0.045102880964924125	-0.4985654451855759	0.4059975232196163
0.9732387438076009	0.5092043714850661	-0.3821716499768465	-0.10333243823859611	-0.6736595438989014	-0.09215063232318053	-0.05052785296955681	-0.027379465535157715	-0.17896305299611254	0.5013091991584906
0.45884029595991904	0.48441013182434123	-0.21223396737401648	-0.0820947817395471	-0.5106868527589818	-0.1093171777369194	-0.0815798881773763	0.2159250978090896	0.11460046103727739	0.6650947265152076
0.1860625659745585	0.5895295279416418	-0.2948344930847516	0.08819490482880663	-0.3894634666351313	-0.23191526067711082	0.13635351772220303	0.09430816444326012	-0.10630425438665186	0.7025857929625664
0.30080346160097515	0.3864715344542858	-0.30103374383228154	0.19963871119462856	-0.4436750273622311	0.053756115429346385	-0.18294042072097952	0.29907510160581374	-0.20546315119541902	0.5322293880479859
0.49895976322988256	0.26901963774626003	0.04778019185912691	-0.002159674288373964	-0.7192030336234352	-0.042086591134777196	-0.17428754365638535	-0.11523223330765109	-0.5195023877445206	0.4129163928561336
0.2080762040559903	0.24552518930358033	-0.005391018806422537	0.3108666778841108	-0.6323979810645439	-0.057094686070898196	-0.06792564117233248	-0.2795473372863012	-0.34955137100863387	0.3411391029705363
0.5388317412682506	0.3021325248427657	-0.062301864564565636	0.45584228134701393	-0.5311520961639609	-0.07813402451217716	0.10340499819725306	-0.3822251835718377	0.030944523990802053	0.39199308030532204
0.5543527635019667	0.5452755292442777	0.15714367006774016	0.41397356304630517	-0.6006067175773449	0.05742669424018393	-0.029141646257663176	-0.3330865138794016	0.11862263382218684	0.2880982407493782
0.48894935621864055	0.4788157810679192	0.04536992382716258	0.5043473883813037	-0.7235723091521759	-0.04583262472666945	0.07749719883971448	-0.20139304531268884	-0.06731421956240989	0.38983605605155636
0.4112419391858559	0.6776719704776079	-0.04580044031915763	0.437707910908803	-0.46324141587944395	0.029570726559280683	0.24617205925009114	-0.19667998843603443	-0.12569122051080234	0.32260141145174254
0.421186121906554	0.2680619855089889	-0.12684838187356073	0.28841476677654027	-0.769475685658426	0.035571413676379074	0.2731179567155958	-0.3135761104900703	-0.3790646288889309	0.128173985511986
0.3755186439889917	0.2743721012505181	0.0037718579391458895	0.38752770186751384	-0.9038710927509015	0.0008938972139357071	0.4911066925375735	-0.3145006760294211	-0.41675086504098224	0.14316507231745407
0.6100342974117484	0.016501848138942954	0.10029431921648381	0.27232554470899606	-0.7479093114374606	0.15309499691439274	0.30667804073993776	-0.24542843052971725	-0.4617514777159491	-0.02436760997489923
0.44532358596082844	0.15622377054237957	-0.09418058038340955	0.11755609913559828	-0.5942610956938881	0.11555981551923629	-0.17826532980108045	-0.15316737392036636	-0.46441081012025553	-0.2258077306860508
0.2682008465342281	0.3903376942093119	0.0646394737753092	-0.08251995364428036	-0.5663352925473782	0.4843319453922606	-0.10389585364061682	-0.008297813582490626	-0.5089061034569224	0.06811709777028369
0.23311797596359388	0.247915136916185	-0.17981095375613598	0.1300544356800469	-0.6647736018284556	0.1782927798695924	-0.08490227541461734	-0.09633451413011453	-0.5155383235096577	-0.10002307557456175
0.16405244396090235	0.11197208013958032	-0.245273784820896	0.09501866239984105	-0.7009852286042998	-0.003428839461504102	-0.4445206399073046	0.09330070282447818	-0.3676033245780752	-0.002002337798628989
0.16788161711896127	-0.004333462988922676	-0.14900278862103508	0.19513308472299018	-0.7312690134467054	-0.17105066927780768	-0.06909821106171626	-0.09063397284187273	0.005650716892861285	0.029599585917633404
0.6285252090685869	-0.027804582383551185	-0.14468323029338043	0.11086093746630535	-0.5853515936282465	-0.023183679007099556	-0.07657694490260167	-0.13538910668401663	-0.426540741699116	-0.10569126469680268
