0.14658773493013572	0.07634548544998856
0.12119376193242602	0.05640038330573115
0.13424986604082634	0.06778489419057881
0.11573179036380395	0.05511584461767642
0.12128704420519747	0.060685459598943024
0.11592782371737048	0.05520189855319735
0.10238393022388609	0.04752735465551701
0.1284109472813903	0.07214477665475025
0.15493949126543488	0.10179893447673515
0.14903648732669242	0.09991218953406962
0.12919178772347656	0.0838782743345105
0.136692508602581	0.09163150297963209
0.17071771613904474	0.1255699003791056
0.20980783693916963	0.1614561920342969
0.211874292832238	0.16297287682741207
0.21248290641366718	0.16430428394229943
0.18807686631536213	0.14174205097555895
0.19687266109800952	0.14717503442808674
0.21884489483054248	0.17007757575412308
0.17312770696603172	0.1273876035098111
0.14424460382446627	0.10354045135082357
0.14985948617849346	0.10877088744813611
0.1514040986806139	0.11285400687765244
0.14605882090225905	0.10911100828738084
0.1847462525518286	0.14719585566328364
0.15179303266254415	0.11125431549543076
0.15878585021196284	0.11474937990039057
0.16505158820988966	0.1184446186554393
0.16083213902057092	0.11317153725189505
0.1508650973090406	0.10049792422824641
0.16694298661396323	0.11739604265983232
0.17388233250758386	0.12794790132596864
0.17071932554409874	0.1279620385004646
0.17049623473444303	0.1303475506924267
0.192077999761914	0.15139909777661392
0.18794195072354591	0.14666149049169414
0.17639201773898477	0.13695781179842287
0.1717992863736353	0.13398293459147156
0.18444580230416904	0.14608133240412516
0.17847207865573456	0.1390251422140603
0.17722328332395687	0.13505291205548772
0.1939285541317874	0.14930035180615575
0.18136627236081992	0.1355148030245548
0.16989521973000585	0.12479436600020591
0.17000152188625314	0.12559140782075007
0.17583439507982396	0.13165507971185714
0.16852995701772902	0.12548749325862543
0.1375870394181668	0.09682565051610978
0.1351148282518851	0.09692213490618776
0.1669465353722781	0.12764016192032948
0.17677533801318707	0.13552262738284307
0.18803294288920508	0.14252130492750065
0.21162529848609077	0.1649796363041388
0.20797725684540572	0.1666089581930905
0.19346675164832153	0.15021604002248043
0.21548491226531785	0.17222590359780715
0.19401602724313535	0.15404488950313988
0.18891649887008644	0.1485980070338193
0.21488889210603063	0.1683539971184155
0.20083470450774343	0.1571139612841277
0.19396770514121836	0.15557191300379675
0.21702413244278815	0.178257492500165
0.2137872319102878	0.1744245148902529
0.2027070533285024	0.16204349269207352
0.21476440905332964	0.17328526018923118
0.22005079914197645	0.18166812043066521
0.21636897799798702	0.17574162912870145
0.191541775484194	0.15000629046608696
0.17504388388474548	0.1378525415941892
0.19469176857858295	0.15351324200906838
0.1680379521548496	0.12511400266940803
0.16056246845835948	0.11899295847838504
0.1757603571872275	0.12821488497532008
0.174215363357774	0.13049215608726306
0.163804506701205	0.122144792378543
0.1994792483290699	0.15778498043926414
0.17962685715565688	0.14280359375093485
0.18901427602118495	0.15077750584001426
0.18093339945067968	0.14037790109706919
0.18639103008317334	0.145407001690379
0.16108442917431784	0.12281562295116542
0.16479392711730464	0.12753304210325075
0.19637847444070666	0.15697508872519333
0.19996327699203573	0.15919454144305775
0.1842945007061798	0.14376439506232197
0.18897449336816707	0.14473196803926858
0.16999940014448828	0.13169172424984657
0.1816613807472904	0.14124519513784028
0.17876300377361445	0.14070293163566147
0.18713188321207203	0.15001594087648165
0.19888810002816193	0.16003055162563715
0.17303711781134637	0.130587217419581
0.1651737016578824	0.12553750882870018
0.17712067122986222	0.13727712958717359
0.17082328387558776	0.133043846718814
0.17111592400250056	0.13211240072109326
0.1685689994075695	0.12844933140361767
0.1572350350614619	0.11773379146086535
0.1590821334852859	0.11553129086898675
0.18088912413449132	0.1372791250067217
0.19899049583442255	0.15405492085834738
0.20530638583728375	0.15977650404880975
0.18927544610068037	0.1450785904932666
0.19791800787344405	0.1527798058572931
0.20420577765766618	0.15968866432986395
0.20163570498687194	0.16351685406758157
0.18438907146228556	0.1475471135770221
0.18521023820535526	0.14634969564299366
0.17897702894914164	0.13969534257198152
0.13889864802388294	0.10063887992246778
0.1462395047382435	0.105209976859742
0.15038667031234515	0.10933718720135117
0.1677032054743579	0.12514481488130894
0.1801498950742002	0.1396151498625157
0.1690776191776095	0.12973536297371027
0.1649719681143628	0.12630922982828724
0.1506430778632423	0.10886927796137494
0.13678721652914894	0.09699798076745875
0.1437926614904578	0.10450303977340225
0.13246373135226136	0.09486426765973305
0.11835674585103909	0.0804311764617012
0.13714941282240345	0.09760619074155055
0.12369616553662778	0.08697600384431858
0.1128762534617851	0.07523551944912794
0.11893450453852318	0.07711746884383916
0.12931376562515898	0.08749914447653107
0.14189356453485127	0.10411373481904637
0.13039250678350098	0.0926680184249045
0.16847419879775977	0.12466473695650188
0.1457299053288833	0.10475292790045646
0.1405526422145882	0.09946817190119184
0.1344345300424697	0.0969093910264446
0.13807096468753993	0.10096459503933018
0.14596742391115045	0.10667309490400693
0.1491094934691293	0.10990824543936292
0.16290212345199861	0.12248672325452621
0.16769661731556718	0.12836445936352991
0.17916619552597543	0.14018652700337159
0.17204711695308414	0.1310489691533829
0.1708474872171549	0.13134272150369383
0.16709131482617567	0.12447659846119531
0.15318428819351088	0.11347499399096236
0.14202037527195113	0.10248032740814914
0.151123031935368	0.11145994552084411
0.15677127220598264	0.1180089858048548
0.16970017419664216	0.13125318098218922
0.1802959021416804	0.14277419778172457
0.17880178846064915	0.13828242412017863
0.1945111282303011	0.14911865430794138
0.20361204002221048	0.16263499127177347
0.1945857231255655	0.15434234784405534
0.18677244609682792	0.14410436068208604
0.189025950762601	0.14307810558688774
0.20276082152369726	0.15909358900717524
0.2233108156343396	0.17927472200250008
0.2295676417028041	0.18263296586735137
0.21782697137695636	0.16990220886464372
0.21447411060111993	0.16527718733695482
0.21604143317881866	0.16843032956823187
0.20320378996562738	0.15967486192391542
0.18243208086973978	0.14087028369669644
0.18003836018896982	0.13679051236989764
0.1889643717279959	0.1433218432702782
0.18343559862793873	0.1444610440164214
0.14285854787515478	0.10198531072690276
0.16781362966347294	0.1232764320073439
0.14700188542564238	0.10566534693861827
0.15026518395603614	0.10921554227362398
0.15374857662647118	0.11141677093267588
0.16737123603933104	0.12371311760493779
0.18050809597508058	0.13646222412366382
0.19570013470488018	0.1488200275859503
0.18285334750314217	0.14144244289027888
0.16366341640798462	0.12580353268448297
0.15557615505598377	0.11723998998409975
0.18550183893009628	0.14213299778577826
0.17367669199263552	0.13632406369400193
0.19113176636815626	0.14864369647775114
0.17169929200505324	0.13032074939997587
0.1920015073257382	0.15193261609449144
0.20562432370100897	0.16610638880264283
0.2021463895068515	0.16387009822730167
0.19411693305414507	0.15338246285193002
0.17090132220308807	0.132496482182898
0.17980902488703399	0.14245128702985724
0.2003293092617725	0.1606154078229888
0.2139971138677138	0.17298597505281563
0.1869093002456327	0.14549333099439868
0.1897987987839842	0.15123219592194745
0.1846520799721913	0.14390186627527576
0.20690851124530682	0.16542982381472665
0.19914536996251223	0.15963241475643916
0.22000715910597	0.18222102402646884
0.21212309197520124	0.17310944873610692
0.23307057962979133	0.19210725372458404
0.23029558693866972	0.18651415314073894
0.2320993140386064	0.19125303379152336
0.23478983557820365	0.1928217595749386
0.21361128522312517	0.17305460967766254
0.20374062149091307	0.16510504525991687
0.1964057712893159	0.15837332814450503
0.1991487068358238	0.15874302234653068
0.1773263755916844	0.13979960014183654
0.19614494478677183	0.15508071202356924
0.19523349908869098	0.15363109975282546
0.20678286784802494	0.1655777441794393
0.2094856524007085	0.1690931908900857
0.20461365623694472	0.16534536743851816
0.2212087527908242	0.18134381592700677
0.18843002790316385	0.1429822411397522
0.17655163851992645	0.13086967092959603
0.1888964885949679	0.1444759808485403
0.18038110807949875	0.13975860728805276
0.15099029860551727	0.11318511998023989
0.1539035624743895	0.11456033063022458
0.1541227213135243	0.11048596912675578
0.17353555178701044	0.12826908577101728
0.1800942273669486	0.1369155695516449
0.18043795373153906	0.138677461189843
0.20212565474244154	0.16572099968868376
0.20494034531455377	0.1676072822673225
0.19842555114411978	0.15535909471422576
0.16506167117656548	0.12346458837245966
0.14863247721668307	0.11163725584188258
0.16175439438022116	0.12219878293542023
0.15357928667694215	0.1136768066602171
0.1623647584808735	0.12440519110033199
0.14949286023256433	0.11041759848126517
0.14993073187698702	0.11130560082254382
0.17294335449440562	0.13115079626875328
0.172701055891966	0.13277937330176934
0.17679289523714464	0.13898357393493466
0.1871797269911846	0.1499190951145643
0.20346489554040204	0.16397877242762848
0.17064954304092345	0.13028025240927976
0.1846334890397823	0.14201986752214016
0.16900146926354925	0.13139564897024006
0.14765443998418395	0.10869893803264287
0.16155491022089147	0.11768784616865689
0.17909509329958448	0.13287758886516848
0.18464232943817716	0.13341722240653153
0.15846315064642072	0.1090484390228324
0.15365291760469604	0.10881811470639977
0.14497551038606174	0.10401231350460423
0.16949493900324536	0.12979793442856224
0.1667046464170487	0.1265790927619392
0.15947996000613984	0.1218815402184125
0.15166199915142953	0.11370793788542966
0.1814756181774073	0.14000208946559034
0.18166832053512857	0.14208988926755564
0.17135126710777782	0.13167796879851953
0.17576373463200906	0.1382625472760355
0.1707824796179986	0.13039214522273718
0.18869049253405895	0.15051788041559033
0.20335648600136566	0.16600768247026962
0.19356270781855003	0.15555287559636607
0.2070574370045498	0.168603929196729
0.20806480427841634	0.1687710114266781
0.21104716082951339	0.17170060280692748
0.20683755878662832	0.16724079647890852
0.20411736779821074	0.16497324389860576
0.205248067840184	0.16436696708381288
0.1974521728807378	0.15621151273972786
0.2229177672819723	0.17744792014751185
0.1914683496536477	0.1467028969788526
0.16909931364239758	0.1303093334348887
0.15420837491973674	0.11631017927808804
0.1481620779444432	0.11025373378922143
0.15400213301795507	0.11576411185242566
0.1645374962367039	0.12192901434491489
0.1261013695911816	0.08888656188507803
0.1295005919162381	0.08981443939987348
0.13837066505411935	0.09813595954263697
0.16491125536436188	0.126576893350279
0.16047271374763344	0.121695672084345
0.1617344455928392	0.12386284408409545
0.1885664843089473	0.1473643816602595
0.21403468805388426	0.16816010347634275
0.23614312277040972	0.18805165501065685
0.2529453717291834	0.20480942253315595
0.27201745855828463	0.2247025317408955
0.2525829026971348	0.20859172686366104
0.27092680022022136	0.2269848048358312
0.27000794503357173	0.23016215630110545
0.2377347038395394	0.19798185451480038
0.2211421345029096	0.1819242188942077
0.20013947780239566	0.16193299469283604
0.18442698523818282	0.14678937260288935
0.1908246149092179	0.15154042633114537
0.17734422454619753	0.13502380306749306
0.18280048064384363	0.1415532817931634
0.17813373565963284	0.13877954264171893
0.17396342023562208	0.135572702151272
0.16154970671436764	0.11871353255096317
0.18851789282619527	0.14402012144060894
0.16971712777043224	0.1281977286170562
0.15778976489002725	0.12010732402917872
0.16574070651010767	0.12518597005822293
0.19525053799413164	0.15540927022029963
0.16546462620780378	0.12790366523949043
0.1511259361558832	0.11104989999474299
0.16999802459105184	0.13323648789054088
0.18454863321459916	0.1472717173473959
0.16754889764641634	0.12987922784823974
0.17316463999357215	0.1357405852347755
0.1690363401938539	0.12989449608766404
0.1467680280494168	0.10652091531592192
0.15700088652894884	0.11818698373563567
0.17466898792461316	0.13396105921920973
0.16311842995398795	0.1231823039031607
0.1481317332135765	0.11004130503305799
0.14189327752482314	0.1018475361592447
0.15073387776664474	0.11065891272643263
0.1662712835667406	0.1235976899737487
0.16599121765924643	0.12323513350010849
0.17101128546307742	0.1267041843813823
0.18303214040717075	0.13964536459722576
0.16795261933629765	0.12860189387077686
0.1546203155917656	0.11472487149866263
0.17126042142875145	0.13256778205133127
0.163557472960378	0.12249728064538559
0.16603346939139757	0.12683215196561587
0.20480422613403332	0.16326727086901738
0.18460536574737682	0.1479757684205693
0.17158872283073023	0.13479520781210297
0.1869614585865493	0.1446300723596753
0.1854886646079099	0.14587538190310007
0.19486789716721004	0.15307904165623595
0.1878504955416022	0.14358842367490152
0.1705806378318313	0.12778692581794243
0.17131596235002264	0.12814103011720554
0.1816051548143664	0.1383217927126603
0.17317968214117613	0.13431319768030314
0.19338671922472153	0.15453323065631014
0.18116024323929	0.14299439266339256
0.16130763302015538	0.12137117294283334
0.1829688894047288	0.14000196237796392
0.16257418676373814	0.12129913615068477
0.14017700383325798	0.10131198276434679
0.15285234915836438	0.11164846210556305
0.15590874771818522	0.11653755828895905
0.1551336370295685	0.11474414885927917
0.17390179707797204	0.1279361425862032
0.14063212942890804	0.09613070420740902
0.1653050066021326	0.11946909040424293
0.1844554374485886	0.14110264592376362
0.18355370652788935	0.14261725807027795
0.1880244917257029	0.1510854409132326
0.2010114059657917	0.1608627597620233
0.19755173247788405	0.15545701800067285
0.1832390247630525	0.14531187434388
0.19584435942917325	0.15702529773080282
0.22598119143379297	0.18204680697721512
0.21539034591785838	0.1755880447412587
0.20921996033803425	0.1705799517299141
0.1904423057864348	0.15272233122705375
0.17614699505906822	0.13383824964705973
0.17360910448487904	0.13178324492472374
0.1554918743963945	0.11785662686248821
0.14420017927394926	0.10588681626229017
0.17266326212559877	0.13355231932701603
0.16034947425324123	0.11834791612173168
0.14571155216340648	0.10505186255974884
0.17068858530429787	0.1290664759238749
0.1608585947970818	0.11378572882090038
0.15924421894507626	0.11506207572053802
0.19701512061685605	0.1513134854539815
0.21223601573280343	0.16921990583093222
0.20520853327159394	0.1683382122626985
0.20093363327866753	0.1628809928258513
0.22515231493774232	0.18402100447973943
0.247524710609922	0.2085467898173099
0.24909875964178377	0.21098365160014418
0.22670319335337716	0.18947739976850717
0.23202418097331307	0.19460137127219856
0.2092090944722308	0.1707387264134045
0.23272889223945684	0.19219856333922544
0.23411824416921734	0.19541301611345183
0.22391850997863233	0.18578407041671743
0.23051372857606298	0.19278361900290591
0.24873720406971733	0.2079099288136242
0.2404833982680174	0.20356147450996273
0.23197772873442193	0.19103124296596766
0.23079365969934723	0.18946334529401707
0.1948567584016436	0.15470111226793015
0.2070383261917983	0.1627498791383616
0.21737025950140632	0.17505496390038877
0.2081509295894217	0.1688350900559741
0.23350688254331417	0.19546746817870475
0.22554478026418065	0.18529131657612963
0.20291417788500135	0.16145360047471605
0.18749721481017512	0.14669866427067957
0.17007396336174962	0.130574539368789
0.1839904000933511	0.1469282152561188
0.16280150203692467	0.12336045791895137
0.1659093819329731	0.1289577210296094
0.1587263148586653	0.12060331151765488
0.1842933393067311	0.14496502445155793
0.19016722614942852	0.14949714532122332
0.22830735881231853	0.18709387851217665
0.2073570436613143	0.16840207302218826
0.2088255098545993	0.1715438981576357
0.2003986923126756	0.16025326175905444
0.20928000324114387	0.16925572818793377
0.21384200002191775	0.1743424407509408
0.21755319605149992	0.17711837624345153
0.2182153800107973	0.17850557215445462
0.2085890119259214	0.16795278343197179
0.19231562908427324	0.1522218304770557
0.17739563119063037	0.14013980361781148
0.17256084923810255	0.13048651952480134
0.1918596052242627	0.14297294481288117
0.15429014179188205	0.10831806254997287
0.149304688461495	0.10467253894036863
0.14198583214845195	0.09562949901290466
0.14622907594847928	0.10227272620817368
0.1704322431383301	0.12384213784877836
0.13544612227721484	0.09307011023956
0.14241231544025623	0.09800911027908574
0.1242933723570385	0.08188377599391113
0.14701417585795634	0.10517267824275021
0.11762866694932358	0.07589537811475841
0.12859494018026416	0.08346131337893828
0.1344841017643687	0.08855231843966822
0.15119229942899107	0.10259037409395412
0.1674245168015121	0.1216062622692454
0.1680348659694234	0.12497843650436621
0.15489075818817843	0.11692192200318495
0.16417622293510656	0.12330618725132855
0.165605298179761	0.1259489508099012
0.1684415879227154	0.12749683121423575
0.15364279781643714	0.11465657691673736
0.13097566854783638	0.09400290334459546
0.1329201589496295	0.09274738266707394
0.15994273535722225	0.11495756478021343
0.1602494035727326	0.11650764179469297
0.15908610287186062	0.11593642515374739
0.1772401452419278	0.1395385962185954
0.21707910984346818	0.1777234707348791
0.20428686609030897	0.16168919677852553
0.21578698036771932	0.1698434016177406
0.19523886074954577	0.15175408468931634
0.1779302161502064	0.13394625972026053
0.16597581530060335	0.12034205023869456
0.15759414738324803	0.11356999528540593
0.14965004625473505	0.10968050435323975
0.13800806766476573	0.09990978861858386
0.16212327098019094	0.12521618048765332
0.15954749086725242	0.12214247457859541
0.16134914164506792	0.12274523403987762
0.18096460387708596	0.13991732248575078
0.16602229726288312	0.12590137205587767
0.16446760695760046	0.11892069089238992
0.1390587247062156	0.09894532514490162
0.1564296495175011	0.11776126297292688
0.16932446030816473	0.12504219191188626
0.15838631480703752	0.12004049568030688
0.1512397758149264	0.11304432204141243
0.19192541516729617	0.15112998089254406
0.192104260988143	0.1541203439901432
0.1925766938032246	0.1528059959204494
0.16960815331649	0.1326744810128346
0.169984696532736	0.13240079871415567
0.2040999252415088	0.16488182460126355
0.21096798497885194	0.1705528994258957
0.18681457749965436	0.14536233689594194
0.14860000946651683	0.11027646684785652
0.1517392457617528	0.11396393197869634
0.14874856609435888	0.1107833714458307
0.16813933292157932	0.12395551934516177
0.1785571930663324	0.1363541189997916
0.1543992597653643	0.11368425843393873
0.1699403448987754	0.12892745881821027
0.18981469519905947	0.14900801726849514
0.19644815130577467	0.15555574944991019
0.16357026355065862	0.1256184845379973
0.18716098868651435	0.14854715959575238
0.17651173212935412	0.1365319901237943
0.18559013141762187	0.14695531688476365
0.19818173833109187	0.15505408382483027
0.18797040886603558	0.14770066719024066
0.17202517048469562	0.13348159756285832
0.17811094913392955	0.13947153029425152
0.18829589988779188	0.1497369470890266
0.21569395055649884	0.17550763292584082
0.2126710305687536	0.17418593079127456
0.21567012057887056	0.17447815885087498
0.19601170653172795	0.14886778728462857
0.16650492454483645	0.12266203149166645
0.17791002261155497	0.1302616398931556
0.15472412807904287	0.10955030048807451
0.1592994338278911	0.11606550808738178
0.15656842641410534	0.11663586541090501
0.16448582797571915	0.12663310807054343
0.13851778010366173	0.10109133617878714
0.150223809895927	0.1097322356056691
0.13744657180879444	0.09832764851320219
0.15316291875272053	0.11493362182958296
0.1577748328206008	0.1165978686048492
0.17602345027407823	0.13357380149208856
0.1866303529353899	0.14841597910382928
0.17850030295542949	0.13968357773798773
0.20656537966924732	0.16546503990315248
0.20533290968609455	0.16275245190164106
0.2473432062715393	0.20034836204339024
0.22911287850163364	0.18290803363702512
0.21895482483591067	0.17445090513114267
0.2248720824663366	0.1816172851874634
0.1937249746557373	0.1562072510241246
0.17734267637315457	0.13809814723925418
0.20819204328613308	0.17032689986652122
0.20132371809979036	0.16082515519390503
0.20130962755767026	0.1640193839562706
0.21412006744966888	0.17474750647577547
0.19724463471995507	0.15700285630695013
0.16529341852293908	0.12514091202315958
0.1662393944532951	0.12873060522037555
0.17607274477741436	0.13495405775088837
0.1709883125508975	0.13244478333188384
0.17350986920654413	0.13222067596898193
0.16712789389316393	0.12637469778557778
0.17012430588526048	0.12865657338917902
0.18889343688352264	0.1464863923689076
0.17481274852798928	0.12996761502336515
0.1538543070972403	0.11249887722646561
0.18890242340383762	0.14497880340020874
0.17486204332576416	0.1324701332021576
0.18613645170714505	0.14392564250082054
0.18615327187067776	0.14691381512128546
0.20181581728477993	0.16257805453161964
0.20426795726008595	0.16586044703672054
0.20535891150745225	0.16849935488683976
0.19706927615443845	0.15932055068523726
0.20785718635771913	0.17052700354682154
0.20779304644130084	0.17063133519341714
0.18794369930352905	0.14838566597379382
0.18705868615928323	0.14869135664308902
0.21116219521945906	0.16629381540011715
0.19005412654351633	0.14535439414457688
0.17774121612323598	0.13545645923676086
0.2306606798645486	0.18845573270668026
0.24203281267648477	0.1985930206239689
0.22975710531445867	0.18870537415644711
0.20872002042350488	0.16761483273623815
0.20918204822153277	0.16974258184717148
0.2060507124231771	0.1648794286581211
0.1891391616123034	0.14882786871019363
0.20417141714656556	0.15735737630714955
0.19079312032819704	0.15024336713109956
0.20533312143303434	0.16262563154021958
0.20648886714784692	0.1677124767206875
0.20157722917809454	0.16190437343187672
0.14388272032841762	0.10716521905831139
0.1420794182294096	0.10483741520667508
0.1284346060102533	0.09161550968674685
0.15102424981561688	0.11173469108396972
0.14524536684588843	0.10467683210170804
0.14502394143345554	0.10270682441108261
0.17335467340640956	0.12534777640119066
0.15348018313152198	0.1060582582818507
0.16139961551270357	0.11308941852548345
0.14873116931767577	0.10137457645191421
0.15259825367538876	0.10857353486856341
0.17490511411479362	0.134819783918254
0.1885562663626368	0.1471516306176514
0.17858319976628986	0.13833682200185987
0.18284841678451905	0.14586699078934337
0.1790533248054076	0.13861760786652103
0.20236247045320052	0.15761517210340303
0.20429617384760038	0.16100562128496798
0.19929999172521554	0.1550677224193522
0.19571398009735327	0.15177486454369887
0.1827718777375919	0.13801753809786127
0.17102897671537576	0.12713545165794207
0.18781274113017765	0.14449202210602427
0.18120084326285543	0.1410902023892404
0.16966463154524328	0.13232138274657532
0.18793948969982283	0.14351790223787303
0.2023648270973321	0.16128307826312407
0.18570974713990254	0.14442184703040015
0.1972326484843118	0.15837529960127122
0.1994843466567233	0.16076887597128925
0.1884974351819863	0.14872734867291354
0.19563323965572613	0.1559349068247267
0.2063444641948732	0.16561900902561913
0.22537036840266064	0.1798290242293166
0.22432382348883795	0.1785443371090623
0.23590708640122884	0.1875928298125928
0.21700794631178688	0.16561032756346214
0.22273617337616766	0.17003999574933887
0.1948804950060219	0.1484703161714096
0.1961990314733052	0.15135876122585126
0.19822885814676752	0.1545452286501511
0.1813435613829103	0.14073915616824675
0.1865554186516012	0.14607012483869508
0.16093594197207	0.1185456957490318
0.15534590989418717	0.1132189221610924
0.15611128501365315	0.11374848339389022
0.1614768828306491	0.1213425294504573
0.14703951025459894	0.10867698578430034
0.1477847259731909	0.1072014671797278
0.16990095564059868	0.12633356093222595
0.13391138738179847	0.09435219421081198
0.15773734909917583	0.12069398219843488
0.15012982984748932	0.11256321829325447
0.1564389088146894	0.11852740845145691
0.14990600966516307	0.11086824578482725
0.1548308613927606	0.11447765678283432
0.15335875860783543	0.11541161457744784
0.1381612396923729	0.10002514473892904
0.1480183391397681	0.10860059251781123
0.13779103142106439	0.09548150448396098
0.18118323978098969	0.13912030428408495
0.15181224275532862	0.11278561309586274
0.1514495368626917	0.11079816745741183
0.12774095376512573	0.08866849735792895
0.1283828363533206	0.09016247205613333
0.13515937077518486	0.09557354275987176
0.14468417356184446	0.10021879790524447
0.1248872205488716	0.08577070719650691
0.12669502981513686	0.08838155878023236
0.1334134603791305	0.09349716042332509
0.15562740680592113	0.11387901110865098
0.14427249387620786	0.1046043418007477
0.17837856339138242	0.13713851210690556
0.1952152449758395	0.15419995614940724
0.1750377447628657	0.1355514097518322
0.15563284189878374	0.11726968331559123
0.16944980754984965	0.1302592755404
0.16400817430493905	0.12496708685672556
0.1800006694414037	0.13982796843067724
0.1788198065919264	0.13855019404145638
0.20575398587795335	0.1666959610280799
0.2021614324604897	0.1623169760718466
0.17516928790037073	0.13739708501643474
0.172253025456618	0.1340856503545671
0.14672470515950528	0.10933687158738113
0.16599445082584222	0.12382048378688498
0.16225083738529797	0.1243288077849837
0.1578981687576431	0.12047120561477612
0.14637235456733508	0.10852743672421658
0.14669125395076085	0.10922328585669985
0.18223149735060495	0.1443023274163093
0.15990758586914844	0.12279005425730741
0.17749524160295677	0.13769249184165583
0.16217748085923062	0.12212577547502936
0.18464119492908448	0.14505707663785355
0.180398133705576	0.14188143716947857
0.20572282780922158	0.16681114943038153
0.2367180361586557	0.19554002503659978
0.23830422205757193	0.19974864283839674
0.24324627069965712	0.20101506184021598
0.22333626380242758	0.183414114276935
0.22288078240225365	0.18233110973458283
0.21571972184707322	0.1774037426332606
0.21788248998047716	0.1779225756551049
0.22659298867192978	0.18736271264269921
0.22647433855772117	0.18855126523043114
0.23446764297820227	0.19556090496701228
0.2476443791695437	0.20533234075957044
0.23138393214365824	0.1925034839835468
0.23149916435829637	0.190681500669126
0.21767794341951657	0.17381055326134018
0.18358205953708254	0.14240276268077662
0.15574799548281185	0.11724775075476583
0.16222694658122477	0.12350317037115244
0.14722384413899742	0.10877004616735565
0.1594775270693838	0.12121468818451286
0.17027288929433232	0.13178442640199572
0.1682371805721552	0.12835088891112478
0.17844378500680097	0.141958666339017
0.21848659866893852	0.1749764465097205
0.20784257542446422	0.16503526967301627
0.21709356154238782	0.17201278563456535
0.17259195844456035	0.13240521548322626
0.19231113192566546	0.15213891593224915
0.1859304834720274	0.1487414052029643
0.17903510227545963	0.13916146771508472
0.18212283689792094	0.1415010401928783
0.18812691599616468	0.14637334336690747
0.15859131263848011	0.11588071934774523
0.17870967166714136	0.13614881858474523
0.18964712102617473	0.1438227205974569
0.19810027790295634	0.15310436917553896
0.2039604016976101	0.16030524491105574
0.20527011350138333	0.16026328157345773
0.20218050037822893	0.15953231653107644
0.19214391871438352	0.15310214259996813
0.18874598495138475	0.15148595379518023
0.2190541571078421	0.17559369443472767
0.2045066826542473	0.16103307828242427
0.20365661621390768	0.16056552072239225
0.21441478883594325	0.17134820477477028
0.2085563727890238	0.16472865480723914
0.21792844507402276	0.17498244814931588
0.17924384403947977	0.1396228712344366
0.16355718824643797	0.12260335138666895
0.14569568866762742	0.10858751547756698
0.17669988237885867	0.13504827091924748
0.16405037928230326	0.12564129978131067
0.18140296704473796	0.14137834581161954
0.18283493311326068	0.14481410027550037
0.1657450093149092	0.12772295826409272
0.16721317033992872	0.1292754905649582
0.14355424540437306	0.10519828999842487
0.16155052238834147	0.12317442791187998
0.16855541442786495	0.12857136229021926
0.169822597147388	0.13235782008622352
0.177765752542634	0.13897346464515334
0.21049525222239973	0.1648225123419243
0.20468416563190794	0.1581104912400955
0.20000344671098624	0.15707998853698002
0.17595643653970316	0.12967825720106121
0.16960296527444335	0.1280712896792574
0.19806315343390044	0.1557902252616905
0.15767780708575094	0.11968267183644882
0.13722348083161964	0.09966368314518136
0.15365017014133284	0.11320334611285035
0.16266937768886802	0.12349049508480578
0.15823336924579184	0.11760013330310941
0.16287152188185886	0.1232838627509364
0.16397481675831566	0.12433734538426815
0.18105915067435457	0.14275204530120034
0.1678020937271697	0.12670936257080118
0.16619240653588097	0.12038036310767022
0.1355309519115221	0.09555759698375466
0.1350967419698937	0.09489187150492337
0.13245214602547406	0.09130112597370159
0.14409444860547668	0.10412247873307648
0.1543955518171063	0.11201282939761055
0.16503368128276327	0.12503424199747304
0.15475795386021274	0.1137776920793844
0.16061848770282	0.12106711319441678
0.14722255274367396	0.10409631183352352
0.1869719538120585	0.1405151397252385
0.17182520015533076	0.12740909948561221
0.18580654172263428	0.14225120465589786
0.19594357066941623	0.15367457003682086
0.15204527787602226	0.1090430987005984
0.13675872568790062	0.08942875828456275
0.13764379045579314	0.0904836567215036
0.1354895296614076	0.08998936979579628
0.11536441308637704	0.07542583982885925
0.14889257939932438	0.10473182003327716
0.15461886386334456	0.11088868201772353
0.1759344567364655	0.1343315187026388
0.1977673033680949	0.15734935442434403
0.20364979073662587	0.16462586646235045
0.20685063980553178	0.16788047358459277
0.1936120403283281	0.15218151547006034
0.1750545712220491	0.13345523472869802
0.19498899315759613	0.1486467201363271
0.18006401480917145	0.13950162417464734
0.2059654102600417	0.162563753441758
0.19265949947859412	0.15370256824796194
0.16104208707800607	0.12193793218950054
0.1466401203089118	0.11014273172077757
0.18022344790541586	0.14156180968788729
0.16054302404950657	0.12112140643444476
0.17437323848756983	0.1356997680939988
0.1835626759422531	0.14660005975999893
0.193277268181162	0.15491237261430885
0.1911400480946768	0.15193368105630192
0.21023979867238896	0.1712941772811599
0.19828639599708794	0.15682930214492888
0.18046659498349388	0.13992103381795148
0.16888405464725356	0.1280296677199909
0.17192563818698173	0.13228670285611863
0.17177274397598113	0.12871142331052968
0.17145121367165542	0.13139421976381963
0.16127768121433897	0.1216164143374215
0.14729506040087517	0.10730348188521953
0.16306350116835364	0.1218848447510782
0.1613697077497222	0.12397339117518558
0.17662633213604173	0.13685798713236375
0.20385734451390902	0.16430984048601144
0.19347409744941543	0.15464280544537812
0.19457559056472634	0.15772856244261563
0.19825158350491026	0.15971872304051657
0.18509391165285735	0.14830519880154694
0.16510292612239996	0.12671326144844464
0.1774254284335942	0.1373802789933267
0.1535810503789427	0.11406443527419725
0.13297335933156526	0.09481822096658116
0.14196642516284513	0.10073023815150084
0.15129305044986366	0.10775921687203634
0.13761199674343355	0.09656042900240189
0.14965308976522632	0.10554299405949377
0.14389647424836696	0.10218233345141567
0.15517230953639027	0.11502177413100675
0.15870050137208053	0.11504888134879003
0.1689227308104074	0.12823419295522226
0.16719037494656602	0.1272122966967436
0.16845806827368834	0.1270537184957323
0.21930202711222124	0.1751534445859062
0.20722930244054205	0.16869392566413577
0.20492791442461886	0.1657657063684482
0.19861905484148007	0.15734651532217994
0.2101480956774398	0.16750461102288353
0.18832367487638613	0.14835923290343297
0.21033193306195103	0.16939570311366453
0.22822332341175522	0.18825551757711662
0.20208628427853959	0.16499625413312619
0.20979165722563162	0.1696754806857908
0.22811399743360755	0.18624257195965654
0.2094251959614377	0.16613290642285006
0.21980249909981783	0.17800255825741765
0.19077116372218597	0.1478184873157739
0.18632192124070981	0.1439509683521826
0.17958486637638163	0.13924476995623608
0.18837998356032848	0.1477267622380417
0.19098386777317508	0.15135914398916872
0.17137117817024175	0.12664589596911718
0.17969821221083918	0.13790848203821998
0.1723802768404127	0.1316432714301505
0.16037042370714233	0.12225336128859823
0.17541624136226144	0.13758306390903674
0.1862756087326116	0.14436474936321372
0.15625546666042808	0.11848014508829183
0.15659427573308604	0.1181716149470355
0.1601059710394008	0.11896433095968335
0.15661285079931572	0.11575403486646554
0.13398434690117988	0.09587918245947567
0.15119199024206736	0.11104288261506498
0.16351213878937834	0.12427281780089788
0.16134533867895703	0.12343457073426746
0.19467259192289843	0.15547374938271652
0.20683980678095737	0.16798230719153412
0.17318121756428023	0.1353496304725582
0.1799010307742175	0.14119058568916854
0.14933175949128888	0.10969074467181561
0.15271954968774556	0.11280465220237204
0.18421414323503837	0.14298583915244256
0.1937651753368697	0.14977450031576367
0.19785541671819445	0.15277881589296946
0.21565568417727035	0.17421206850578747
0.23502673914303052	0.19567135812892275
0.2342001838836896	0.19565384307123926
0.22603196186214486	0.18813970849244835
0.21589886478087963	0.17853630686754912
0.21889076854855244	0.18222142005719053
0.20937412491603602	0.1712830506746068
0.21520398819857114	0.1735021045820544
0.21837254005017698	0.17955118640668358
0.1761651253217481	0.1356144469996639
0.17254170403764346	0.13060409904770648
0.1859131300200022	0.14530217175304
0.18788004280149176	0.14912116593426178
0.2067905510878816	0.16761326452862624
0.2086721755474328	0.16674530389267403
0.22053220058927642	0.17869096951534544
0.1881730314004022	0.14625528432499152
0.17113257769957418	0.12931016348136867
0.17456668801057734	0.13329157031321653
0.1775029375558724	0.13381853432719892
0.17982757845597475	0.13629744113138445
0.20523235533547912	0.16374798144302813
0.19512547120130982	0.1505626707833565
0.17487455743442698	0.12681464603220038
0.1780158130919374	0.13327610697586126
0.15731578024821663	0.1157655614540074
0.14322905801799318	0.10477793523114873
0.1632744830181482	0.1236133636224959
0.1535609939587602	0.11575445124836035
0.16518898171786858	0.12354485464019868
0.16342035645208972	0.12351130743518572
0.1624735968484537	0.12253880347626314
0.1525710351748095	0.11473957351263712
0.17644267956874832	0.1333787291918243
0.15618223125591282	0.1132766278145718
0.14655819429085157	0.10337915844660271
0.14574664602564383	0.10212399630068797
0.1705869296954067	0.12896665433656335
0.15982209568453873	0.12017907593808352
0.18075247022911708	0.13684911262117266
0.19924820394459353	0.15407974443746383
0.2057956197535257	0.15957661291595196
0.196458915958307	0.15552913935216287
0.19599105266716682	0.15525767146477623
0.1896899713048147	0.1466383554982593
0.17859719424758913	0.13492458583774994
0.1999945055203036	0.15297642886795396
0.1873228833261408	0.14069479888727054
0.19150794137728588	0.14451015740719222
0.1735337247911648	0.12767035316507272
0.18188422364308116	0.13717956337215623
0.16933377140788652	0.1228142839920384
0.1870360746814339	0.13929781036628888
0.17329551758876643	0.12682081223752978
0.1283235754867061	0.08898535079186609
0.12691659455547713	0.08738910908960151
0.1657241795699489	0.11988636171032442
0.15784926817035907	0.112479405070291
0.15628657555316258	0.11217307909558276
0.16102875621831825	0.11427724549319802
0.20211791132306617	0.1527627765722731
0.19694504679486494	0.15387122124849476
0.22115915000168898	0.1746652370978484
0.21176563244758906	0.16852270589913879
0.23734690250003604	0.19544528740492412
0.23895051700641173	0.1956015462258303
0.23509682358121672	0.19322880098063874
0.2688285292477717	0.22821208561179201
0.2706423397542523	0.2311609076066029
0.2434000337737902	0.2040694793439838
0.23098935768775755	0.19197168447246193
0.22185982255937642	0.17956533139047365
0.22525665996926011	0.18247362115725443
0.21941406704207994	0.17913670471387605
0.18664227422485621	0.14956599442590252
0.21043992918540247	0.16892691616075606
0.18063297423768707	0.13773934131683688
0.1475936049456299	0.10361035117231937
0.13478523408363788	0.09259786859957028
0.16317007091317337	0.12224263161728023
0.1762075583842058	0.13408337487951258
0.1767551512946297	0.13257621890979054
0.16962308483954802	0.12711697603458685
0.1790334796961287	0.13581931293535587
0.1686686203264869	0.12412129167313297
0.2077212692857876	0.15994605356497876
0.18687586497421158	0.1399921726123886
0.176079963367567	0.13276733584870248
0.17148462046277704	0.12726181807578474
0.16692550581541704	0.12458118854299559
0.1370736313144828	0.10029345520443791
0.13602892466857355	0.09826031646990581
0.15363295580447667	0.10868675601935789
0.16382885598255525	0.11855714016616783
0.17615061279895364	0.12958962645179048
0.19223448000868815	0.14547080791644462
0.18630626098367217	0.14122683440016442
0.15322304269486592	0.1127616130979411
0.1579742240913854	0.11669277059203186
0.1551822326289775	0.11580512320743076
0.15959191125889116	0.11945889202071167
0.17424245160645518	0.1330369239681706
0.18679142103130966	0.14261397882905003
0.15875321934405326	0.11747574948392941
0.15625486692346652	0.11765885369719171
0.1679439084874176	0.12742085621202542
0.14951404581151198	0.11136593438893225
0.14369115293664098	0.10637827365612358
0.16227092483047578	0.12365399399842075
0.15630158101326264	0.11606267258883374
0.14909476104497865	0.10960364236848251
0.14672275277513694	0.10328610856561207
0.15015153522552357	0.10794944294608567
0.16113394484845733	0.11552585876471422
0.1850343984133891	0.14274122655244598
0.17403999303870546	0.13459511075856115
0.16690812475548963	0.12612735458407143
0.14966110727249216	0.11170649417686644
0.1523391697814615	0.1121244805289713
0.154302033073095	0.11534354200347666
0.16152863313977517	0.11492882513706434
0.1635670457924528	0.11301070892702
0.19374490970347413	0.1387862079290928
0.16194883725720824	0.11002557592874229
0.16165310338130326	0.11151621083250914
0.1863237906340037	0.13571206967169053
0.17402017511108714	0.12226898011992293
0.14777124820434875	0.10006067764658658
0.14469046726397136	0.09706332923281465
0.14456036189655516	0.0978764229050437
0.1636144307724319	0.11454676572013607
0.16572961090762986	0.12076066052308848
0.13965286626751688	0.10051175928847311
0.1493623259400308	0.11010278992125605
0.15581264297787	0.11649814141165223
0.16829977822193634	0.12909610544469152
0.17372526801869695	0.1350713998925822
0.191108008305212	0.1525041737929157
0.20231501657412498	0.1631136862460575
0.18770315032402274	0.14851598626535728
0.16097261051212006	0.12337860254484682
0.1617659335601725	0.12463830216669212
0.1588281505680762	0.12021103608655073
0.156729050466651	0.1147809015179192
0.17947320902900776	0.1341999567041424
0.17846135046415146	0.13251379390743764
0.15511679106920961	0.11190524556319967
0.14764019435910702	0.10470894407736299
0.15295520436208493	0.10863143401404152
0.15331269287145882	0.10892281276756104
0.16717978814518691	0.12607830144900709
0.1775305298139239	0.1355294327301199
0.14638400792241818	0.1082771016961857
0.16204888727518685	0.12364267600316507
0.1554742923302163	0.11610903105354635
0.1468388630796758	0.10610828879858969
0.15125043617301992	0.1106460631594136
0.12880334287544937	0.09080985143721439
0.13146458496243343	0.09415183304110132
0.12730375172029543	0.09091864990168434
0.12812859649928357	0.09145394922448875
0.13645433345005992	0.09865919526967576
0.16237931708634304	0.11949097299571972
0.16127311204596137	0.12151631103546974
0.13570117665485243	0.09762344180634816
0.14015171891291134	0.0990483314771257
0.14180666365761024	0.10394389834365245
0.13586663885402084	0.09714804116455787
0.12079973670871277	0.08217763697035603
0.13414755321383706	0.09403458083500911
0.133802701281213	0.09336752196385074
0.1512980693019256	0.1093667086420998
0.14783108518427082	0.10880647984447343
0.12487522342589544	0.08177025070956141
0.14166808366900835	0.09558748138796203
0.1369219254663359	0.09578635089146997
0.1316197603540664	0.09356066195293883
0.17876190821224267	0.13769783989294693
0.1723371878301794	0.13110648993611082
0.1852746741932353	0.14359958842956994
0.19416626970361786	0.15325207403441127
0.18623157895979925	0.14223476017735223
0.17256400520679543	0.12741784864346806
0.19107736507769707	0.14327568926236117
0.1921617526321567	0.14520694180516802
0.1823681035169455	0.1374346695282876
0.1719502883318112	0.12778893061959887
0.17860552049353753	0.13932473426989345
0.17665796135774098	0.13521202742449695
0.18692759104835527	0.14638848072704896
0.1860248399571504	0.1415699393978674
0.15998351835493055	0.11763533118418235
0.14461127008278757	0.10365969292366314
0.15490073202564145	0.11621075019173709
0.16390600930731397	0.12617567558846965
0.14463276023774407	0.10630329365832517
0.14125114120979	0.1015613441215186
0.14848440720586759	0.10608100074644695
0.15259308366055566	0.1079852993795271
0.16568611271445724	0.11678018588551538
0.19239846014923895	0.1422294379318287
0.17294236584239897	0.12925337398684525
0.1710474933864761	0.1273668506530109
0.1623165570615763	0.12103309933136489
0.17629394693277645	0.1360506570202823
0.21815756701498515	0.1803719168044432
0.20242951417972685	0.16324681153850257
0.17357204897796125	0.1355669033233532
0.15994302734681842	0.12202339100241444
0.15551263844681273	0.117835154877879
0.14313867381324702	0.10571065640419045
0.14021080087168047	0.10197182740596138
0.15929944579068167	0.11889126265019219
0.14419211248753327	0.1061209570820216
0.13897313896714247	0.09858930615027776
0.16765855782138786	0.12848299264283664
0.17932057698311785	0.13880325205681174
0.18703921226346443	0.14897168092794083
0.21067032510362288	0.17327727886025066
0.23118361668560647	0.19119365997138738
0.23520384465124933	0.1964323728811346
0.2575551555573623	0.21655666273414914
0.2735411664005328	0.23100737024584586
0.2755571493155872	0.2322227690691284
0.2700618090709473	0.229061651874654
0.2464920327015886	0.20628958375586068
0.23678041727559201	0.19530591969328154
0.24980375739436114	0.20625619408575718
0.2603041471373969	0.2128691540580529
0.2423124390473556	0.20184644116544379
0.23151190549267006	0.19154930858371919
0.2218513702324468	0.18293282001443278
0.2184334969125694	0.18017484374960988
0.21496045592441118	0.17722758369171718
0.2102552478278946	0.171614906323174
0.19288061945330107	0.1538260794447139
0.17829725158257664	0.13820447738255076
0.17511234931710692	0.1366076776293896
0.17990391011346527	0.14217862915986926
0.17099392536990562	0.13353892678885357
0.17675143386175382	0.13647136216606487
0.16966481661650057	0.13134829995080602
0.2025223303786021	0.16371990493866856
0.18849025441923287	0.14949004499020702
0.2074859897143994	0.16688995523338127
0.22250524669512928	0.181026429740506
0.24839041938618164	0.2070752281635955
0.2433765942275681	0.2016899893276524
0.2345428685958414	0.1938562186986797
0.24487984575142155	0.19848464594597304
0.2478161232007441	0.2029815063489979
0.23000185839653087	0.19191632721407695
0.24430767016571012	0.20223421697304897
0.2538474016047911	0.21410524075655582
0.22195017271344966	0.1852642704511501
0.204653448153326	0.16462245894414063
0.19143982037511367	0.15214541180686772
0.17366199489038914	0.13345747380689393
0.17275499670021283	0.13275483703436347
0.16732339468667431	0.12716389613762044
0.17849290544806093	0.1404294736942019
0.1626701165782629	0.12320475039577543
0.15181474266972753	0.11319078052334974
0.141119805588606	0.10064871844894674
0.14909774245396257	0.111146661496585
0.15062468994900244	0.11313639114654506
0.17129682995256218	0.13316045773037408
0.1678603214029349	0.12743042741636276
0.17624338455273617	0.13780009085512576
0.18769056579079618	0.14856824483356568
0.2129542941337034	0.17076869088307378
0.22345589907187227	0.17955371779705495
0.24043414149758838	0.19949680339739803
0.22964432038455426	0.1885003866900717
0.21450704341045332	0.1750207191390055
0.20072261415593948	0.1600822876090809
0.19277866487641332	0.15136168779069997
0.16905728689657518	0.12955742754221755
0.17883624946834753	0.131792398104725
0.17396013405788935	0.12728788825221984
0.1666268405611659	0.11845733141049465
0.17562224083334071	0.12573899460026047
0.18941770645632203	0.14043344306860162
0.1850858355888183	0.13670103213786364
0.1733927250801719	0.12688326717794202
0.18392988644591748	0.13998109145927115
0.20362751375905386	0.15970111336859755
0.18767930072200978	0.14453343259825913
0.1786784582344311	0.13660552448509947
0.17445465405101163	0.13317368119036485
0.16005016424706625	0.12123850222316168
0.1713005116863982	0.13168444106868374
0.1735659222590115	0.1358867206307686
0.15225913596392388	0.11138568343109706
0.16869252292641287	0.12778837568617563
0.1538291591144314	0.1142036270001118
0.14821303648383027	0.10796789398919293
0.18235255671636386	0.1441290011163348
0.1882560819731186	0.1478909627890303
0.15685314085406082	0.1181836828575166
0.14930310949111547	0.10687361830239638
0.15528790271954948	0.11044474116188241
0.18545684265377504	0.13468791490927895
0.17883075684414387	0.12868255649037036
0.20153359013337518	0.14962248365719832
0.22701832395540888	0.17631585775517938
0.22174074510296557	0.170921496682953
0.20019054284786764	0.14755847031892422
0.2040876781292	0.15493171634987796
0.25437507359152045	0.2046061996686732
0.24828654172319287	0.19539857725856852
0.23847730742858866	0.18794999875338497
0.20051620023156289	0.153738143869752
0.188127968324991	0.14321613369528718
0.1605354081737718	0.12150020225680233
0.1498733903745353	0.11228748327022961
0.16148727756718065	0.12115853684857233
0.16568950243610256	0.1260618954875203
0.18371420601173158	0.1451537530057082
0.1862366333284503	0.14740347833938472
0.206946046198052	0.16547945312315065
0.20210956079242787	0.1523797578916416
0.21231006161769256	0.16216242004949855
0.21369300021544854	0.16321118968471407
0.2111983529144683	0.1592947193590417
0.2068308872931209	0.15507695968930932
0.18553081903391302	0.13371943608817122
0.19469035600670329	0.14661901476341585
0.19271611652116122	0.14904115091798514
0.18225233091653908	0.13871922516014368
0.172284325567467	0.129891718671664
0.18140174867671635	0.13718110150952714
0.1768869047405346	0.1326762547466303
0.16990699746054896	0.12769991361596783
0.1889283144117675	0.14748998070391484
0.18208341347786036	0.14121892832260471
0.19604502475787258	0.15569465257154427
0.19291096080650508	0.15190572216537532
0.18810359412382013	0.14749977632757746
0.17356996616078502	0.1342147120699651
0.18365695818082356	0.13807808453758608
0.1759217571163704	0.1336816479544808
0.1771856290354387	0.1358232213867513
0.1873445338805887	0.1435662412371496
0.18859787312555912	0.14835248651849736
0.15975228428642266	0.11957846276971068
0.13693090613787023	0.09839257617470196
0.13102838053933943	0.08961438837373548
0.13883466808440736	0.09823606207857521
0.1345919627025265	0.09633075361295368
0.16211748427974437	0.12432534654844385
0.15813257549344953	0.12012405041737198
0.16924630490056491	0.13058592804963684
0.17776217656313392	0.13910603208428957
0.16048761793739516	0.11994888912488501
0.1542357203017432	0.11560318965816103
0.14202774770799226	0.10117698331609595
0.1686760782176971	0.1273408503893325
0.15829664185338882	0.11470322798505642
0.16948915045060184	0.12678425562001264
0.1341271204953942	0.0939612300478666
0.15010845287628927	0.10450636639424449
0.13168679131760222	0.08722534447206545
0.13760173821032953	0.09199889701532699
0.17058414578402337	0.12437350516162039
0.16217032183458524	0.1163349165389955
0.15529724267050415	0.10825954086857864
0.14506730749005048	0.10047213380152156
0.16468608975813795	0.11979850346604173
0.15318025646800382	0.11247958854234617
0.14513611778031382	0.1040311234792488
0.14813356123929639	0.10660939492371677
0.1455893504086786	0.10698740861644515
0.14912883031804886	0.10661772568196803
0.14488344417270582	0.10660286218352474
0.16443894286581404	0.1250903779021302
0.17835727901855214	0.13866654458081742
0.18062547137051327	0.14176640768926413
0.17311436627872234	0.1350848323746037
0.20522242363754065	0.16701458004487485
0.21408945026257298	0.17485288397979523
0.23223448373034453	0.19285828524730886
0.22767672715081164	0.1879203277170522
0.2034238042743129	0.1639565957869981
0.19635479024189179	0.15741564375849068
0.22024812206961172	0.18232807287157313
0.2047014914058382	0.16657799230567139
0.20281957412880147	0.16436910505814534
0.19734941192912017	0.1574843051612896
0.19116148802052343	0.1528674206781634
0.19091278015984647	0.15252327657629197
0.1959797983601686	0.15825422324168203
0.20361808403875392	0.1635601103220076
0.192004146816788	0.15437652420231945
0.18239240088040723	0.1421872024666699
0.18189633203368463	0.13993766244993233
0.19238281014303277	0.15363904945731782
0.19299536093271638	0.15334168761631065
0.1944216214205103	0.1574695627767738
0.19206673461310367	0.151493332617714
0.18900005065851097	0.15040639425068478
0.19224174092399032	0.15121901197799964
0.18431239107730346	0.14565973628491233
0.18262246666108253	0.14005489275764021
0.21177319362882263	0.1676303679449526
0.187527138594055	0.14055945384403035
0.1817330718644318	0.13818738681130113
0.15900200880629325	0.12041371018615037
0.14407653222281117	0.10613283198939799
0.15231338104657974	0.11214594915561221
0.1863024742958796	0.14645052415301466
0.17908639007400798	0.13928342311762318
0.17879124812423386	0.13843989049777228
0.18634223339852893	0.14797406189687237
0.1845511321798732	0.14583347039403627
0.200185162782528	0.1620105260036461
0.20441767560659493	0.16386919120279456
0.18877758138392317	0.14783961903929077
0.17754394774632598	0.13660368686124252
0.14828401210389175	0.10967241096818749
0.16928190694782552	0.13194291292050314
0.19008017878152422	0.15304303330472652
0.19712937434571295	0.1574070955624098
0.1591608077476343	0.11976205778135615
0.15833694380619745	0.1176312126881765
0.16563083627001535	0.12436830674100727
0.1445645592204155	0.1054953074357369
0.13086554638107065	0.09344922200702016
0.16561570263389067	0.12304344017343499
0.15217068068985137	0.1121087952803312
0.1592039543431211	0.11885803404162609
0.13315041881514197	0.0939175129733326
0.14632434280760098	0.1074494684286334
0.15537930541509526	0.11466788986059927
0.14272865018397687	0.10300244011340291
0.13214202666102662	0.09419238687356132
0.1289674813457412	0.08834135096919209
0.13723367131787512	0.09706088870836542
0.1555054735534714	0.11246746585416399
0.16215207874631823	0.11839060298447555
0.15531882929050467	0.1111322305692567
0.16134048865112793	0.11992049966019512
0.13005592780051958	0.09187328882368896
0.13430070945179945	0.09608865468918051
0.15919862962353912	0.12079798710056337
0.17754351294215695	0.13983659207280816
0.1926886047891097	0.14956943632038733
0.17864798920948194	0.13936702516395064
0.19550665129086306	0.15431423729176902
0.21380735715405189	0.17408484456359144
0.19332326609027994	0.15370354742611494
0.19881920688796026	0.16120792394676653
0.203403927347925	0.1636385994163342
0.19475977058341684	0.1563842206810553
0.19319037808666017	0.1548916450510864
0.19520549353663616	0.15493209995984464
0.19880550491283047	0.1574373158033021
0.20368217532875327	0.15854908110232394
0.20724332618270705	0.16437523123503053
0.19715168941402697	0.15482306521370273
0.17439714509462273	0.1358376167989842
0.15729995171519678	0.11625049031116974
0.15652824679535382	0.1177525277916237
0.15351197973358238	0.11142892764617741
0.18383544726476853	0.13858762467095148
0.15231065472958344	0.10746773916985786
0.14092691784988276	0.10041126116932869
0.1402390055956773	0.09901408090343732
0.17051499756144417	0.12644900345830887
0.1626190225256941	0.12108036838494242
0.17708863151615112	0.13621865285925763
0.17213478543918506	0.1292807527607785
0.18100834614603242	0.1393056840011017
0.19257214453654933	0.15105942575198394
0.1855923350252667	0.14683065965593822
0.2013914810575271	0.16338821329459982
0.19286209849958083	0.15356185308931683
0.19334155973110337	0.15034906373972387
0.20325763770806085	0.15904808013888952
0.1877396775875403	0.14696055846200556
0.1837539729588022	0.1445540532503289
0.1800672817403772	0.13972222297643921
0.170437873084963	0.1306021186604984
0.1520061565424092	0.11359856662888558
0.15477619715892318	0.11478975865357453
0.1388326392900813	0.09831286166672182
0.1583609062970852	0.11684821788711812
0.14971172218805856	0.11110109326912426
0.18160780419003858	0.1385760813020957
0.14294091368715955	0.10167845019817259
0.15234659349569304	0.11372482202819059
0.15406733195397476	0.11563230871826836
0.14956114557312178	0.11191369068274881
0.1625681604907053	0.12358663270814027
0.17022088239371266	0.12996197067174253
0.1708069852086566	0.13174049276506322
0.19052461970505746	0.1505941828780581
0.1823841686885957	0.1435839691885275
0.18544644529584964	0.14595713972918964
0.20454589286790703	0.16638717346507043
0.20583303612591766	0.16717646621223684
0.1938252602574421	0.15272379133131964
0.19058000941797973	0.14867108378804314
0.20107505983313637	0.1602760284404306
0.19724216019255675	0.1560133356549026
0.1822584215797485	0.14469862202036438
0.1804563764741624	0.13998481583242298
0.17076235600203693	0.1296645187070631
0.16431063769728468	0.12524845036115018
0.1711443766882733	0.13423172678974202
0.17167053782139954	0.13231785928623366
0.1786281807246666	0.13774845735695154
0.172029257986894	0.13138253745457987
0.1525296004548711	0.11478197611429085
0.13398120923564125	0.09601289015121035
0.13930826288814716	0.100407039982536
0.17044469927848424	0.1267395794397812
0.17242721433214464	0.1254610256273078
0.17028590946466376	0.12795876664068837
0.17005311358220285	0.12631995854334116
0.1472562449041534	0.10632586856353035
0.13122257265187545	0.09297100939877806
0.11681823142751017	0.07910706019402411
0.10893081709571392	0.07114528130673543
0.13197131090280162	0.09060115879903835
0.17507195525253422	0.12683724550064523
0.20479363638233866	0.1592997779436364
0.1836314692680342	0.1404228653279992
0.1935442536892709	0.1506621443731925
0.16395494303910008	0.1243321236075814
0.1801713650898169	0.13981758465015504
0.19235275544082878	0.15318859619026848
0.2035781584317128	0.16640355069907892
0.220514332099512	0.18242425002718943
0.22958404896738582	0.18941544611139843
0.22008861249396677	0.18128764067128916
0.21426407329437008	0.17669861775081447
0.2006399538289751	0.1622366101535923
0.21650042850235682	0.1779666005877121
0.21032042537519335	0.17215272904032713
0.22540370030081122	0.18353385365008165
0.22838248263154723	0.1891917986532626
0.2320996924204903	0.19285575577964653
0.2427968690185007	0.20213488909028426
0.24062824843573122	0.20062353156694732
0.2420224043746168	0.20232044777417255
0.246821177085463	0.2066114046683215
0.221686137336127	0.18151378316603614
0.21563906457213491	0.17380874143940017
0.202675884497924	0.1595177923142404
0.19996777244362066	0.15881918727440475
0.17819210515724132	0.13448306727124143
0.18454123106876724	0.13898065574609902
0.20861428246433902	0.16450760185073282
0.19812190626454868	0.15221829235927897
0.17680327165714413	0.13829879149226665
0.187084952657032	0.14627197076708312
0.17674115267122256	0.1363270087190057
0.18112117385557586	0.14266645570568443
0.17968559584861837	0.14128157300830213
0.19010728551003342	0.14874781153210984
0.17503865616085873	0.13429933188387144
0.15843462855114812	0.11829512172720585
0.16566190046605794	0.1274556242517286
0.17175058535986593	0.13299978586074926
0.17156599595874503	0.13189026973151016
0.1769031082691789	0.14026774938807612
0.1761488916551583	0.13603325874000657
0.21601063732976883	0.1725553762061757
0.1998635704950701	0.15723305171254648
0.16891519899456264	0.1268346114583481
0.17593142982790005	0.13423726516207207
0.19470871154713415	0.15309344603779446
0.18864392640538308	0.14265544540585545
0.17562018030469911	0.13187613373294996
0.15508317910894862	0.11302082589744686
0.17459957042029275	0.13373079242777358
0.20598363953720877	0.1647058340383925
0.20028474719177186	0.16229792152102812
0.19267101640719386	0.15197989660861783
0.1846968491090021	0.14378743831634475
0.18659257027454706	0.1476198384880588
0.17467690978213254	0.13410111695408541
0.16625808223150357	0.12865403689346344
0.17889144972419177	0.1400593399224836
0.1708482466571645	0.13229300099723942
0.19725349047554191	0.15878164186736732
0.17841733001235852	0.14129172195478706
0.17172617648211236	0.13401407148156105
0.1705575573350251	0.1304683310469466
0.14396693657858706	0.10681355801481826
0.18145830015106534	0.1421332933178334
0.1855085415786512	0.14836860840296687
0.15711051874073947	0.1180968759452559
0.14733525843827425	0.10639767213761037
0.19819419876923158	0.15245129740335162
0.20699470801311995	0.16174970066015412
0.21443061994279328	0.16544780012778407
0.2219075480579953	0.17202942322831666
0.22465848671710498	0.1763197281841688
0.2387738712567275	0.19475347599176945
0.2499805758625896	0.2092303413498312
0.23363938123905278	0.19059793066095934
0.21357478241211708	0.17138690365210502
0.2072170873005731	0.1624970202957725
0.20044741825769202	0.15568710632202146
0.22238726952584792	0.1756682813952571
0.2139624560522668	0.17149200850530652
0.2016163123823557	0.1618827317611354
0.22307304415444662	0.17907254518790588
0.23682572723696257	0.19550624442992826
0.2304874108112782	0.18982676702411497
0.22609936353287954	0.1804607409572583
0.24444816407847708	0.19616272362126652
0.22197980815813065	0.17807385063465042
0.22058474170028228	0.176574213051836
0.1935020511460101	0.1513536606340885
0.20150403367623473	0.1561260013134483
0.18329627489107947	0.144049925204791
0.17378702014101186	0.13424239102858865
0.15642763123972114	0.1182380259729598
0.15080114719793486	0.11170409267535013
0.17981049430158366	0.14056652092425836
0.20333380082646813	0.16181872755275312
0.18535841853964222	0.1439864828337568
0.18169182273753084	0.13951050496654996
0.14647919466892434	0.1060143504833293
0.13805117700897465	0.10019318327856247
0.15491028134946178	0.11737972305522326
0.14994956642942936	0.11316808646544191
0.16647811139671115	0.12507820600919478
0.1331164030656035	0.09623460283812979
0.14906442564808392	0.10904604259578178
0.18277910237103331	0.13663117329442095
0.16960591033572242	0.12536786580593182
0.17236859898451837	0.13012434872026155
0.15766836307075513	0.11837814308545841
0.1510044053333014	0.11214254040706041
0.15545145531448784	0.11491284526480665
0.16341204636163162	0.12117949606174411
0.18142360005141533	0.14107491900076646
0.16336609244488814	0.12450313854972617
0.2189005603470194	0.1784663666267014
0.20037032650055203	0.16107522782869257
0.20822067683348355	0.16834093770104128
0.2185093887398097	0.1754288695601424
0.21572363180320855	0.17164310943221614
0.21394726933095293	0.1687118595654365
0.22382313642371104	0.17984742645659269
0.22900034997925606	0.18253107607859542
0.18101209535113272	0.13682761621146944
0.17286307213589638	0.12912002909306738
0.1636296360938108	0.12321624923665037
0.1718931644445547	0.13298847575214948
0.17973664699847475	0.1414892699786374
0.17346919705485092	0.1346285013940359
0.161833483215307	0.12336411543598402
0.14301179778492626	0.10509270254245888
0.14778826279602342	0.11011270484714598
0.16315354203638185	0.12445293464370076
0.16138548430383212	0.11859451997932913
0.175279221757003	0.1362389496311844
0.17966633098235082	0.1399793836526527
0.19312294041932887	0.15280343614257463
0.1900138615141659	0.14974071889464832
